5.591479806680825781e-01 4.351670621977332676e-04 6.969305127446375758e-01 1.376997364314859640e+00 4.239068313653069353e+00 2.600303413718290546e+00 1.194865875194512483e+00 1.378435638226523929e+00 1.245981382063424014e+00 1.038625493767159069e+00 2.308617526803391939e+00 1.914926050457694151e+00 1.320357232685388960e+00 2.328252234082321515e+00 1.434570957480539644e+00 5.640367487086759279e-01 1.383632046058770992e+00 8.079101641034904802e+00 1.484498353075101695e+00 2.760080173835307492e-05 5.869831348577402297e-01 1.237091645916556182e+00 8.740182098524702514e-01 5.083847937764334191e-01
7.696546352952500225e-01 3.636928014307711475e-03 1.338126424016252036e+00 7.907697227604861823e-01 3.876645510102829650e+00 1.321145006638774211e+00 1.634037324990401663e+00 9.909517769309106328e-01 6.811210817705259934e-01 1.280820936024796630e+00 2.464814534975700244e+00 2.176320044907218865e+00 4.831639658493933620e-01 2.470452711344157670e+00 7.921399682856161695e-01 1.798531101593688009e+00 1.414914485674280797e+00 2.698901297494425311e+00 4.996299618898735417e+00 2.981830930836276803e-05 1.629494719507904810e+00 8.506109306751782340e-01 1.183033133815926563e+00 7.814240536658517700e-01
5.472273964890320697e-01 9.863108010609494825e-03 2.749724207489807615e-01 1.989216144428360922e+00 4.915980252030324849e+00 3.987387007251637083e-01 1.827836240430666948e+00 1.319952320900587450e+00 1.422806857724073781e+00 1.968502963743057110e+00 2.186781809660298226e+00 1.587690593214329260e+00 1.001713483599762755e+00 1.880530130325990035e+00 1.302059582969094631e+00 9.078846518675554034e-01 1.080681078194778211e+00 7.061926065285591747e+00 4.286772820169837850e+00 4.212235928953316924e-06 1.905938924082912989e+00 1.817041487906487562e+00 5.672907532693297616e-01 6.350148971353668514e-01
3.947171807462787063e-01 4.958765216009081676e-03 1.002778566069691957e+00 1.631596319317095256e+00 4.724873535577654993e-01 3.880889454662495908e+00 2.987281149720466100e+00 1.170928279445238029e+00 1.721577353367246044e+00 1.836284211980683700e+00 1.591130619537527657e+00 1.437949315234544834e+00 1.039650013216020241e+00 3.311967959736809242e+00 1.030998568776801516e+00 2.251080812429400169e+00 7.969185454367322397e-01 5.387721217319919376e+00 1.014030965269975049e+00 9.489958604425676364e-06 9.424158581118680100e-01 1.959511075006956426e+00 7.844611220408412855e-01 7.023286817725132858e-01
4.265368216663257828e-01 8.741819954121028344e-03 1.478518514383037941e+00 4.018254152636339116e-01 2.804954693554478240e+00 7.880362335118176187e-01 3.901195107959947617e+00 1.136813595745057359e+00 1.371186942701895006e+00 6.608056024849808807e-01 1.636007776676271508e+00 5.330540896813404927e-01 8.588864589834643848e-01 1.412738239337166579e+00 8.891338320643346060e-01 1.609775490814761012e+00 1.833917563018540697e+00 3.312523541328383558e+00 3.597660388676910959e+00 2.045901470148004913e-05 7.544750071464225716e-01 1.669497720851524036e+00 1.108381247761399901e+00 5.998753541462693573e-01
7.500483421529162698e-01 6.510696652541736636e-03 1.152980188578505150e+00 1.230257730853327125e+00 3.436418070086993737e+00 2.287368106227898767e+00 2.825426547459083615e+00 8.203073553339136348e-01 6.218069856172228072e-01 1.120936015546954545e+00 1.305643797576029108e+00 1.006680926894885530e+00 7.576753869215904214e-01 1.202973614115859569e+00 1.200029933391987935e+00 6.007917003685596669e-01 1.572737141623818946e+00 4.021686246414165389e+00 3.190208960946230299e-01 1.570171674273357533e-05 1.324758465572397403e+00 1.311610526595569093e+00 6.050984012390770994e-01 7.464544298760091845e-01
8.753643751251871663e-01 5.135454683905629411e-03 8.468289437012567200e-01 1.712460328082978878e+00 1.510318083733583228e+00 1.560095962282591842e+00 9.666829587324992090e-01 9.053552582344179811e-01 1.031751745831550382e+00 1.466658291132352687e+00 1.852217311618668649e+00 1.867083427906395698e+00 6.005593781752173177e-01 2.871477996521867304e+00 1.179447048554070898e+00 2.591883629003971290e+00 1.164185427986893284e+00 9.087571548886764106e+00 3.434736852470575474e+00 1.270692502739263333e-06 9.687834320700713375e-01 7.439336054747239801e-01 1.034646408484823699e+00 4.510747667074052614e-01
3.299643389859764353e-01 1.860124167737317417e-03 1.239754738102434861e-01 5.600788219234915655e-01 1.033903277203391369e+00 3.399718861578405527e+00 3.517469794498674585e+00 6.758315674607902057e-01 8.548143737936311215e-01 8.409501006127748646e-01 1.041755057080733016e+00 7.839523960343224296e-01 4.110479936431955528e-01 9.796957753362276478e-01 6.207213307371005628e-01 1.278357237147438985e+00 6.444490095100382510e-01 1.460546341664235692e+00 2.884291054359017004e+00 2.313458669654368884e-05 1.198394845167893408e+00 1.531905024706254448e+00 9.884554568016523657e-01 6.470057851921209302e-01
6.288972475914611504e-01 2.226437952983766934e-03 6.334854614027711772e-01 1.083095340136757123e+00 1.782629864454633228e+00 1.856817390599495354e+00 2.218594499602065007e+00 7.216186760886869056e-01 1.686576996226970326e+00 5.654696510907583074e-01 2.939773086078884212e+00 1.195684955648589565e+00 1.186711588236507575e+00 2.661372427105468397e+00 5.634073365411724765e-01 2.911310312612309659e+00 8.198516491670742035e-01 6.339176538342002232e+00 2.647713630831773468e+00 7.760942065155904154e-06 1.779460220081560795e+00 1.018865514407411688e+00 7.340537017908855821e-01 5.482772908864115280e-01
2.209585552577620071e-01 7.132820930292054114e-03 4.189978684240907025e-01 2.746263071157024616e-01 2.302372044461594935e+00 3.013812490355836093e+00 3.301255464537531381e-01 1.462952119166229359e+00 1.964893725664514257e+00 1.699736727707553685e+00 2.655412384219896005e+00 2.483730080697050813e+00 7.019453419469434685e-01 1.622858760456831195e+00 9.689478975606581335e-01 1.954450925464480182e+00 1.937691512164621876e+00 3.000685530870271789e-01 1.887237850789676985e+00 1.538788004045897338e-05 1.544600360614114987e+00 5.997126481918242380e-01 6.990837237912272961e-01 4.197903596964455142e-01
