7.605158351278442641e-01 1.019615069788628410e-03 1.297621670350748824e+00 7.298511760853549912e-01 1.604230719947472794e+00 2.170442585646067180e+00 2.869172714578934524e+00 1.349100883167911658e+00 8.795226378601164186e-01 8.200832327009069944e-01 2.255465568398537179e+00 8.220672077332369554e+01 9.758224434530396252e+01 4.088978303639144940e+01 1.085285128632274221e+00 6.465418411846353131e-01 1.865895142639025117e+00 2.201069247589394262e+00 4.132501815879031469e-06 1.049306485559292845e+00 1.037376957752778939e+00 8.810309170334031936e-01 7.151147887630736610e-01
2.721103023038558000e-01 1.500285519482327237e-03 8.029039825970903932e-01 2.056561216637129430e-01 4.184573757861597798e+00 3.721289371059652407e+00 1.113209536808470457e+00 1.438248742930278379e+00 1.734922601569383938e+00 1.919833559616950236e+00 2.029990316305595677e+00 6.004852972745224804e+01 2.814774465892299915e+01 2.912306020631494619e+01 2.426161620612629299e+00 1.975340097937407169e+00 9.525588690224103816e-01 2.892059516161740174e+00 6.806713295666798772e-06 1.637452403365208031e+00 1.955415792982600154e+00 8.445573298508750604e-01 6.512620131556086100e-01
8.847589326112181851e-01 2.649872689141239356e-05 2.835194139365068144e-01 9.672658305271102375e-01 4.693666504411485363e+00 1.410113084419705842e+00 1.002837513997518526e+00 1.464164588624006669e+00 7.173809970684272841e-01 1.626733826466464139e+00 5.760548401028771082e+00 8.462510867189527630e+01 7.941344762545433866e+01 2.354024927112077492e+01 2.803534386861589844e+00 1.373949951115119639e+00 4.236225548680619291e+00 4.527032015695909628e+00 1.001877179625943971e-05 1.853867872196237165e+00 9.784609765276655047e-01 9.979218711668584874e-01 4.431303806716753724e-01
5.554611058953282665e-01 4.125843772796535663e-03 8.376657176299120433e-01 1.071676849816106891e+00 3.870341801724605513e-01 4.008268580158016459e-01 2.575074471566326739e+00 1.356784787501301048e+00 7.650707844641524424e-01 1.120549767963718191e+00 2.561651772638294133e+00 4.672762279857412437e+01 8.553511808529624716e+01 4.328608816867229336e+01 1.230828942999002917e+00 6.707792052155939766e-01 1.353557320075017500e+00 1.669488697882112405e+00 2.225753734142106406e-05 1.303641908325573917e+00 1.224210148154462496e+00 5.136704202054045432e-01 4.232177122099777811e-01
7.041109371503202485e-01 6.956598562047841029e-03 1.437288775278748210e+00 1.153266744039542990e+00 2.627958078066655379e+00 1.054609669404891426e+00 2.031227001745223415e+00 1.195365166183654182e+00 1.427003269824419496e+00 6.853325526642382037e-01 3.216761537785937985e+00 4.075139336933621337e+01 5.297628928021607919e+01 3.180566299917215289e+01 1.882224072623752908e+00 1.856842905894459106e+00 7.853223735802431271e+00 4.052257272686778045e+00 2.165597787223280535e-05 6.402911860375775088e-01 8.185101891454027445e-01 5.486183893308407278e-01 6.061328344132055346e-01
3.635801959898685709e-01 5.790272336601565151e-04 1.468017176760021414e+00 4.369845133556595762e-01 3.285441489632672685e+00 2.922370932941680710e+00 3.360465624823869568e+00 1.024596904301943834e+00 1.578858784422691341e+00 1.084622635911080435e+00 2.732066475779034054e+00 2.856401512737665271e+01 6.467586257987341014e+01 1.803972305982436453e+01 4.503239710526433792e-01 1.193371927767317819e+00 2.596832699991373783e+00 2.914836809346676549e+00 1.379592052698815419e-05 1.971836568516333488e+00 9.037761606369998368e-01 5.031833815980846225e-01 6.326132282710166255e-01
8.351097783582601686e-01 5.142481803796411337e-03 1.373713822217464520e+00 1.001609706248420384e+00 2.903567575895937836e+00 2.114618479803861639e+00 3.789427568020480752e+00 1.139668868180687911e+00 1.929038008351528388e+00 1.282584168276282632e+00 4.840574426039207623e+00 4.735908579139525898e+01 4.784805779682146465e+01 4.431665795463283075e+01 1.683153753063924896e+00 1.889504450627545351e+00 1.330536849952417056e+00 3.319578558998246276e+00 9.842476359115164824e-06 1.008622581907575366e+00 1.885048384137344657e+00 6.374093638570145215e-01 7.987178655926941984e-01
4.219154157360979207e-01 7.530617766377815242e-03 5.209441094988669363e-01 1.195059087232752448e+00 9.781478186005190256e-01 1.362656732926113001e+00 3.529962643015755575e+00 9.074258280263780563e-01 1.768606705513499300e+00 1.356587916761255119e+00 3.588844019590790246e+00 7.098073412058789700e+01 3.229922371776510204e+01 1.511668660913456463e+01 1.622536474458471600e+00 1.217908002654357613e+00 9.819341337326413566e+00 8.311023839588229656e-01 1.016617673476502222e-05 1.872775273220809167e+00 1.807068699071863627e+00 1.119009489788110656e+00 6.080912113327454627e-01
7.229089296672774889e-01 5.012574946668805521e-03 8.270206499890636609e-01 1.650609779797240551e+00 1.984157234428704619e+00 2.415206390994279584e+00 2.793364401461022162e+00 7.426344780563305381e-01 1.266732848653506771e+00 1.338191247623899738e+00 2.498156513381572186e+00 7.169222692367361560e+01 3.567435295685550045e+01 2.941138573737078588e+01 1.370128878423697572e+00 1.937331603940066094e+00 7.494203279560050390e+00 9.548925150685807495e-01 2.127879358464942599e-05 6.342190379926562205e-01 1.297720178640450417e+00 1.081994305836563308e+00 4.038895830597474812e-01
8.254560766336624944e-01 3.571547187310129649e-03 1.155505308543032017e+00 1.693808678400437140e+00 4.474847587230732948e+00 3.209572981654054136e+00 3.396120947158729031e+00 1.131817754951022437e+00 7.474994773042851204e-01 1.902509776052880408e+00 3.150787178062684823e+00 8.796223251438892987e+01 9.199879955816545873e+01 4.194232525257613986e+01 2.013149342070235548e+00 1.655374389585721584e+00 8.271933356275086524e+00 3.828473790618897699e+00 2.756740512375328563e-05 1.384515450741556020e+00 1.272423237094578718e+00 1.154619211892802255e+00 7.003438845563747517e-01
2.834591132171957462e-01 3.872030913449096140e-03 1.412343556515621934e+00 1.323347694957397680e+00 3.656698645785868340e+00 2.472421378137795944e+00 1.719104527867798105e+00 7.631196765713117447e-01 5.573959128992300727e-01 9.563456621944271818e-01 6.536003777715655438e+00 7.469362148250930034e+01 4.811886011607385427e+01 4.008928509767859794e+01 2.614004103674834045e+00 7.444847861010031043e-01 1.938781323016696811e+00 3.487311254321534992e+00 1.359581231735231575e-05 9.704912268135968967e-01 1.126740149885596676e+00 7.399708668144249213e-01 6.037904200966324186e-01
3.715824442710167208e-01 2.583446637225531115e-03 7.511240604051162562e-01 3.443430575671648231e-01 2.953480016721350854e+00 2.207468713857805742e+00 3.929418393062146020e+00 1.100733835410842243e+00 1.069297459640540682e+00 1.412977439542507430e+00 1.928423851384230892e+00 8.117849717866823767e+01 8.522823078175460410e+01 3.390890008360176466e+01 2.737383568026207747e+00 5.240896335996874100e-01 5.150587050065375649e+00 2.486922388193021138e+00 1.155389627276770626e-05 1.704023058655825595e+00 1.367573987380510392e+00 1.030109614098125626e+00 7.529121067177291238e-01
5.223093207118683079e-01 5.920370743828308295e-03 3.615349456360634761e-01 6.731494116433163200e-01 4.754921050604169475e-01 3.224289029109604909e-01 1.973343443771599537e+00 8.137239002229986751e-01 1.909127780308551792e+00 1.424909676761337174e+00 6.152096857992175316e+00 3.787583088271293263e+01 6.553198774552691930e+01 4.252385835519545765e+01 1.049571679915583644e+00 5.976864817675272556e-01 1.591610488792758682e+00 2.960626397644869900e+00 2.885045098082395025e-05 1.124397120520253424e+00 1.815207704913255338e+00 9.537147385243247566e-01 7.946667538770890715e-01
8.963620116536541449e-01 1.252666924100920938e-03 1.247056524635613561e+00 1.044270215647037148e+00 1.929219230825535591e+00 1.689051721710870702e+00 3.513390341129788652e+00 1.012717885761073466e+00 7.916242746837383049e-01 5.985774063701168046e-01 5.972336844641256803e+00 8.587392358737092479e+01 8.481321331710861955e+01 4.368383113225973347e+01 2.705394891863445839e+00 1.678517616923319578e+00 5.276946423179238899e+00 4.435988688275744884e+00 2.381407340856117084e-05 1.535811452758763185e+00 1.765960843153103532e+00 1.032952926192628684e+00 4.324212730043622277e-01
8.692637684076975901e-01 7.065888735122683416e-03 8.124291876628066955e-01 1.586477525470521899e+00 1.565676673690380438e-01 1.035639415643403227e+00 3.429308390820892782e+00 1.289541566359765135e+00 1.591870893500375805e+00 1.070980578738244482e+00 3.734134858106775923e+00 6.978851965645610278e+01 7.442118681258247648e+01 2.403204935075266846e+01 2.213312252730089469e+00 6.589769754678731495e-01 2.247239804079784076e+00 4.548860274040807949e-01 6.681746400718785049e-06 8.816233432252146285e-01 1.828450319453700512e+00 5.679257849035701522e-01 5.853426785582446223e-01
4.771189865146893139e-01 2.738639689513680704e-03 7.270290613317935691e-01 1.343029108622481482e+00 4.095233829777862766e+00 3.593944080002009933e+00 1.688666520589113373e+00 9.875835700501984782e-01 1.932899008894736426e+00 1.232000607418387572e+00 2.879048059182849784e+00 5.997286908955992146e+01 2.686189859078771391e+01 2.643891372126557471e+01 1.850112951873540634e+00 1.090587047821912403e+00 1.077015092635915217e+00 7.297293879964521501e-01 1.710286311682419758e-05 8.171432403017533375e-01 1.472412332293773218e+00 8.523770141967865754e-01 6.409595046617623249e-01
8.750093684805972938e-01 7.093205487045045783e-03 8.656609733349112101e-01 8.779977768500144553e-01 1.268547070271110133e+00 3.495534004149125629e-01 1.542949379927679665e+00 9.719679392028037768e-01 9.201096236388525140e-01 6.196793535407079112e-01 7.759432133587048419e+00 7.032805855747736246e+01 5.193907145996174535e+01 2.696082867739270483e+01 9.279893955174742803e-01 1.743307966396010933e+00 6.668559595607310708e-01 4.970084764829953095e+00 2.941912878912863745e-05 7.879801217342061737e-01 1.606250321424223415e+00 7.233619711664573959e-01 7.570400046852516773e-01
2.872110725923479047e-01 7.969979129905782611e-03 4.914452076833961680e-01 1.724427815351096571e+00 4.872258551596003073e+00 1.257285191115651513e+00 3.422500396323358007e+00 7.119985971786907397e-01 6.053042607114823559e-01 5.795525378984083265e-01 2.137280351197160755e+00 3.407106381607184176e+01 6.383396571213830128e+01 3.542789124585429761e+01 7.795974031207524302e-01 1.486002244662934180e+00 3.401045714814592003e-02 2.544639134345878073e+00 2.844056562354124854e-05 9.824495033825959567e-01 1.772390032217172839e+00 7.841578522191710032e-01 4.248536857673811951e-01
5.323205885645937441e-01 1.982834831690197339e-03 3.556744470963658644e-01 1.573268680411881393e+00 2.975508494686874172e+00 1.903683312453647858e+00 1.043091751296963299e+00 8.714927103197376290e-01 8.276916582526263610e-01 1.216768564596294233e+00 1.797786225141124739e+00 3.090487734160938516e+01 3.302653588534143125e+01 3.992634236120224500e+01 1.463460158506570297e+00 1.754729994642965973e+00 8.604834929741654648e+00 2.356577014126735037e+00 7.050580111405496960e-06 5.734490078423628567e-01 8.991583058372123460e-01 9.072109189292976161e-01 6.557407128271679486e-01
8.461077092321280801e-01 5.818677727809913429e-03 1.113342055861596736e+00 3.883219745231725195e-01 4.559959483199723884e+00 2.680540514442983913e+00 3.085247601278100493e+00 1.410174276200756971e+00 9.358953719970584118e-01 1.834350546493438650e+00 7.098917715060585110e+00 4.390269446700832390e+01 8.057127674023030295e+01 4.467174964001670645e+01 4.040154553578478858e-01 7.045183102527659003e-01 5.904663813680829598e+00 3.286824257421537165e+00 3.749440479188372961e-06 5.007803494999026883e-01 1.551912387565898221e+00 1.166252894206881052e+00 6.273611330990097601e-01
8.106012747633271065e-01 1.896647003926708950e-04 1.892062267359875816e-01 1.013447907358750566e+00 3.755406933426793881e+00 3.144391491714185527e+00 7.418452325000333136e-01 1.078876297041300836e+00 1.992371944451052146e+00 1.760777298179953654e+00 6.215443063169654891e+00 6.100158839009205280e+01 7.798838693665322808e+01 3.771884430946101929e+01 2.077030155487097574e+00 1.244928351768936015e+00 4.546024210574812763e+00 2.816405926956730532e+00 8.416450186003190080e-06 1.319489873385642387e+00 1.215166875281724845e+00 1.043463359748712183e+00 6.762289923821356297e-01
3.830569659992151266e-01 5.533681563227214363e-03 9.374022952220069094e-01 6.051521662172242300e-01 2.532117879495933810e+00 3.847453195106655510e+00 2.065723682120787608e+00 9.982378367112889617e-01 6.515572122825572521e-01 7.424584677855455839e-01 1.370539165031015916e+00 8.975994082324663736e+01 6.690929210230913782e+01 4.355630309701723490e+01 2.485824560245255999e+00 1.648350539247163793e+00 6.119646243790858087e+00 2.281447902553543017e+00 5.193783614205485321e-06 1.813651314238160062e+00 1.848365816771384562e+00 8.989545618392120740e-01 6.585295448191743617e-01
8.878284977255612720e-01 9.302176767876676848e-04 1.050532236932944841e+00 2.280398009361719325e-01 1.557220083962474799e+00 8.389883724763815831e-01 1.820393772203244609e+00 1.149283274639627539e+00 7.718799711013994980e-01 6.204033825537880187e-01 3.773532940310295736e+00 3.017684781113404568e+01 6.787631078902074933e+01 1.798632347966421818e+01 4.844419672082965755e-01 1.819520871585019295e+00 8.706235413270826839e+00 1.749208244091478237e+00 2.310742317365132358e-05 1.604548964963921298e+00 1.267860305129062448e+00 7.995879098761043968e-01 7.053527748907761907e-01
5.929691360269411238e-01 6.404403083752574673e-03 1.184683280541845241e+00 1.265894570576420408e+00 2.080544198933668376e+00 8.016179676423591527e-01 3.503466242373635686e-01 7.737624330887673541e-01 1.604133792698554606e+00 5.076876359519996162e-01 4.424308647687386076e-01 7.835444849862938099e+01 6.268570567640074387e+01 2.146139974737270961e+01 7.332929340418457009e-01 8.319518775156642398e-01 9.676622839407987564e-02 3.984217452873910492e+00 2.559431402221707691e-06 1.840153134272576985e+00 1.832556036422932078e+00 9.608186629580349747e-01 5.559229109400747326e-01
6.439553025628932392e-01 9.819027567730438319e-03 1.384251388069925426e+00 6.642411967639958448e-01 3.497187633327293543e+00 3.074415467459064466e+00 2.021945126177350005e+00 1.209063114201435418e+00 1.187151946008629277e+00 1.069624361690199699e+00 7.229463699802991528e+00 5.572402967259255036e+01 3.162159766851075204e+01 3.654591510027736945e+01 7.207866489794305664e-01 1.106970038606871931e+00 9.699076032805177050e+00 6.587844568829074321e-01 2.039107762506751100e-06 7.371981019209628005e-01 1.358078234755121461e+00 1.150623705710273059e+00 6.254330041527073059e-01
6.634942662123664014e-01 8.204524185895288244e-03 6.860309980107582861e-01 4.666569868226744799e-01 3.786071351995377032e+00 9.812736140798619111e-01 2.566931091629931050e+00 1.391372943526397954e+00 1.417690594535891080e+00 1.801814846819198124e+00 1.402593509100482916e-01 4.968861243864612476e+01 2.636986583055967515e+01 1.930008926507772316e+01 2.253017073686653493e+00 5.164921298946298922e-01 4.145123408264874687e-01 3.463403272190781035e+00 2.328771989100326031e-05 1.562273125956458619e+00 1.939010157173314708e+00 7.644799190285145318e-01 5.672368766879791746e-01
7.964085696843581363e-01 3.498664639887195602e-03 1.476525862357351393e+00 8.580467251446972643e-01 2.423709030811348697e+00 3.319575040929467757e+00 3.552970675043941817e+00 9.721902546888419039e-01 1.969774870778315368e+00 5.533841970043915648e-01 6.683468538013783267e+00 7.724860580420184419e+01 6.827397479159657223e+01 3.162883783712626951e+01 1.213461226987936348e+00 1.544540156134748710e+00 3.164998685505468146e+00 2.667622533398713802e+00 1.855246704607815735e-05 1.030759964341198209e+00 1.525415725286988211e+00 1.137710474637132929e+00 6.309983406174370923e-01
6.762621765997990364e-01 8.709345585153547425e-03 1.089583020422271037e-01 1.438415360127545561e+00 2.836654761995512253e+00 2.388414320693514448e+00 3.921496343049387878e+00 9.234887524753268018e-01 6.466903888972812542e-01 1.430972309701231904e+00 7.642756505675664336e+00 5.370643529351622902e+01 4.462351064271287271e+01 3.695445521683078738e+01 1.161955036482133163e+00 1.980594990324841653e+00 9.895882334097738209e+00 4.401354341252878832e+00 2.447820573639771094e-05 5.808906275803695785e-01 9.613732813967943436e-01 1.143258134075802790e+00 6.652415511033362705e-01
5.615442683333302654e-01 4.547653161041265851e-03 1.352059988778573585e+00 3.078529446018857252e-01 2.879487644250377176e+00 2.245967002916356314e+00 5.346911299273390261e-01 7.934435616305234307e-01 1.037060718102675638e+00 1.157152012323371615e+00 2.503979355099490989e-01 4.297684112740347473e+01 3.864071447799072700e+01 2.317210657163034426e+01 6.213188296302204483e-01 8.951913192450322576e-01 7.618226693893067392e+00 4.028601816776727240e+00 3.424582079392682464e-06 1.782102049563148771e+00 1.686345410392693145e+00 6.556756841156894389e-01 4.166308353093323147e-01
3.615738624749689212e-01 6.243787488985975184e-04 1.204411655824687122e+00 3.769879635954215824e-01 7.462938157464167332e-01 3.455028158662925009e+00 1.632274018034987506e+00 8.006404459040595833e-01 1.452432331289523537e+00 1.885951624411648542e+00 6.811208472574386441e+00 5.869384359251070293e+01 6.525555962489806916e+01 2.487994599107767613e+01 2.197563071346564367e+00 5.518655336402263911e-01 5.513873742180721571e+00 9.844770116152192774e-01 1.034126611890844422e-05 5.114929928206394250e-01 1.234420120109985364e+00 1.106998174755654762e+00 6.783273933901435848e-01
2.009772352183153421e-01 6.185966739623630778e-03 8.488294611783762100e-01 1.023820146055014702e+00 1.759024343089111486e+00 3.082799608145686321e+00 2.919970134374685333e+00 1.307466865154869762e+00 9.446023895234298973e-01 1.192187556112320745e+00 4.786164024987033194e+00 4.408462648954987628e+01 5.952832977884933996e+01 4.415683707417156256e+01 1.834926286639661397e+00 8.231458913876319450e-01 2.949477607711110672e+00 1.183419821664049021e+00 9.599109504661251397e-06 7.099530140721724836e-01 8.514761308817442309e-01 7.688151407823662353e-01 7.818144641376398862e-01
3.024954887812003612e-01 2.118145883978374971e-03 9.441490824794229741e-01 9.735109338853158434e-01 4.392715392786539219e+00 1.999116701465134538e+00 4.039899961559361152e-01 1.328744879499292431e+00 1.751082325608557921e+00 5.458887195812086590e-01 6.181236005204177708e+00 8.502401219254969078e+01 9.909382636642850173e+01 2.842893273950819122e+01 1.972957014088313699e+00 9.496086696745494882e-01 2.470351499783320470e+00 1.472766938428451855e+00 1.298519082824701172e-05 1.197004214496328656e+00 1.303195291233081754e+00 5.217773929720379567e-01 5.008932485148153146e-01
7.353605362817656754e-01 5.221922924344923021e-03 1.456125955344032441e+00 1.375183909536794813e+00 3.989218116461904717e+00 3.603560045946707646e+00 3.227602744578823568e+00 8.848784430115568256e-01 1.049197658658888255e+00 1.314061021085461523e+00 5.680071919954434279e+00 9.757189918870922440e+01 7.056572997635828415e+01 4.300554995438273664e+01 1.717058280457653074e+00 1.058330383267917618e+00 8.238141107622508841e+00 1.318677025857738050e+00 2.353582901910876703e-05 1.354119222517829124e+00 7.882505974004287985e-01 6.599022271585373023e-01 5.194859379288727652e-01
6.348918958231577481e-01 6.310624073319623731e-03 8.308533608120993730e-01 1.540443387425512567e+00 4.948541241058799223e+00 2.530841815804891759e+00 2.260157940184471581e+00 1.157439884558175702e+00 1.695359617637392180e+00 1.731604733777865057e+00 7.991881883888840576e+00 5.255537926501783375e+01 5.784426594461981352e+01 2.464385482645027281e+01 1.104190214431241213e+00 6.920199183571740242e-01 7.273540408897964937e+00 1.721476930449110654e+00 2.983576326667431553e-05 1.517155857548034170e+00 6.031811802971064340e-01 7.428423502855951988e-01 5.280753283867760661e-01
5.003421936656586855e-01 5.180484771168669678e-04 1.256674214457216943e+00 7.557679568978881157e-01 4.969155832403040485e+00 3.660211279662357153e+00 2.625895597520890856e+00 1.458712248693336377e+00 1.355288476850208701e+00 1.845575717608573196e+00 7.555418362959735568e+00 8.939234250969549578e+01 3.386873656992663939e+01 3.063130840426540402e+01 1.177265586368602568e+00 7.339463886764616696e-01 6.049669794089335362e+00 1.390296462351530593e+00 2.733298708747783091e-05 7.908406980116385876e-01 5.057202795876494239e-01 8.153666227468279182e-01 7.325470872076884632e-01
6.167881580371815664e-01 1.565293987186501317e-03 9.835399583273938262e-01 1.468094820306223625e+00 1.908582157567183302e+00 6.535513114081015207e-01 3.346381179637576864e+00 8.069535044124709344e-01 1.387884422632261305e+00 9.654285356148885056e-01 6.406901981538990931e+00 6.916814545212389476e+01 4.375613359265499014e+01 2.045103007124303218e+01 5.514429935802460658e-01 7.510671512667606020e-01 8.093325515923243785e+00 4.555516837918287543e+00 2.908569948161515023e-05 1.288339927872047985e+00 8.678594357595310615e-01 6.019328592477792839e-01 5.896144585526094106e-01
3.234596744809720148e-01 9.223140853478984866e-03 4.724152433333970169e-01 5.791176157130168978e-01 7.873388978716803210e-01 4.375383034570115015e-01 1.663405927379085769e+00 1.293616688220785571e+00 5.000952023366084243e-01 1.978993234700870740e+00 1.815759677581163745e+00 3.394127861930678591e+01 9.591034389162027196e+01 3.131625142517195215e+01 2.241998468837564928e+00 9.837042889255599443e-01 2.541004215289434098e-01 2.231832245373762014e+00 1.107977380758595680e-05 1.170372739378458204e+00 8.464098675792732784e-01 8.705279625630817364e-01 5.339478908538669577e-01
4.256394486069466909e-01 4.710592108723271262e-03 6.901384220237180012e-01 1.080480645269504825e+00 2.549257568253754935e-01 1.529754705953357163e+00 1.590759780467144724e+00 8.491118671389819017e-01 1.322811576509117959e+00 5.686169400463071399e-01 1.507208971051173130e+00 6.239182918926072574e+01 7.821957715428314373e+01 2.285640611014894574e+01 1.609651609489138657e+00 1.130119377804184477e+00 7.780827376524418248e+00 4.807569005716538335e+00 2.574329579299803654e-05 1.903405946836835172e+00 1.049238253508983920e+00 5.566997564642783836e-01 7.754132020874735520e-01
5.138666975986717622e-01 3.821480873539438630e-03 5.175147256958669839e-01 5.007674638245016574e-01 2.669685531351561725e+00 3.101147787999763317e+00 5.795073786315954045e-01 1.444838990950457536e+00 1.912525020665284181e+00 1.598601898706232038e+00 5.441080845968374602e-01 9.990828350018134074e+01 3.682439420696859145e+01 1.595277503589009527e+01 1.113524384767081710e+00 7.114835330200627306e-01 3.969064941037959926e+00 1.922217772418416626e+00 2.807521923252079358e-05 6.004865726507030432e-01 1.595511095033031346e+00 7.360996060787148298e-01 7.797845193857911861e-01
3.444256081825377569e-01 5.726327849742285890e-03 3.355273008411964186e-01 4.579960628737270723e-01 6.103396775133771435e-01 3.157618104545722559e+00 7.838908874748083955e-01 1.187686897460122903e+00 7.355274479623511441e-01 9.876117211779293914e-01 3.952275496531657328e+00 5.512502903271003163e+01 7.046196532854646932e+01 3.450225569794156399e+01 2.392851589105814636e+00 1.290933079082036139e+00 9.564233867638350262e+00 1.143663617784030473e+00 3.121794857019822894e-05 1.718041991053172790e+00 5.764959236188770264e-01 9.430201095011062629e-01 5.836607465331828948e-01
5.409320341424623813e-01 6.377850023764378498e-03 2.665180531239783601e-01 1.679321609737451704e+00 2.398044194909087601e+00 9.020870412689199203e-01 9.052634871844608133e-01 6.504811757458681676e-01 1.944177213157354922e+00 1.367885440977549605e+00 1.183064028843143323e+00 4.548484724603544294e+01 7.328658310382422769e+01 3.017225020918754907e+01 9.053175934651667145e-01 7.670923359800221331e-01 9.219237249340048734e+00 3.624490666396356531e+00 8.199488071982820423e-06 1.342949243068863430e+00 6.420669780045403785e-01 6.738395075586447458e-01 4.652005875718683847e-01
8.340275355158104365e-01 3.697620151395073114e-03 1.133559760942550731e+00 6.884443235658268545e-01 3.167119814714344450e+00 1.670980357793829585e+00 3.773952139177556564e-01 1.031728148125061084e+00 9.651429008024322576e-01 5.359155795169878722e-01 5.209905172131414908e+00 8.746411022439039584e+01 6.226464482021066260e+01 3.238669264650641821e+01 2.121150719046440702e+00 7.978166499731482730e-01 1.144551822461852275e+00 4.129856370272189103e+00 1.485220577451733030e-05 6.290331894266268931e-01 1.914974545700163899e+00 1.199608695027042149e+00 5.308279990699223960e-01
5.871592737320243671e-01 8.150661685036976814e-03 2.689367868404762829e-01 5.696687876066581779e-01 3.688684958863984509e+00 3.501394191489506924e-01 1.901580396253736316e+00 1.487484937495027637e+00 6.657164650526036231e-01 9.271494787375349489e-01 4.026872470377597324e+00 3.187179785963664003e+01 3.438727226637040957e+01 2.710799745698032481e+01 9.507106414623254231e-01 1.912035034959280511e+00 5.399893657176380479e+00 8.779446558138752632e-01 1.628470246639507942e-05 1.235296184108512385e+00 1.875839286746282308e+00 1.013872248564229084e+00 5.634762938239816776e-01
4.496549118762613317e-01 2.057779691384524750e-03 4.257352233342850401e-01 1.820559076498714957e+00 6.496357443983655777e-01 6.837880763060268929e-01 1.243800663566307030e+00 1.250113243365074567e+00 1.630324985085773948e+00 6.768585547668296565e-01 6.079229821944834633e+00 2.676155940423403834e+01 3.600389082523246032e+01 2.118911172538643584e+01 1.787645502308552237e+00 1.311506581013083927e+00 8.187597130289004710e+00 1.687164822180943657e+00 4.582046540700217336e-07 1.623830797627341394e+00 9.156547556047720526e-01 9.862274889129394317e-01 7.197878550494730687e-01
5.884009396635594413e-01 2.716470019044387504e-03 2.022396436903736161e-01 1.625309124869780852e+00 3.169104753620799464e-01 1.461796020035977417e+00 3.498325876733935136e+00 1.088381172835745980e+00 6.961773034036399244e-01 7.656951899710574549e-01 1.608776568688765618e+00 6.853619815807859084e+01 3.513731992522797754e+01 3.740442389316710603e+01 2.527765164017480082e+00 6.148420341294534852e-01 9.627372623397945972e+00 2.979831097517811944e+00 2.784704395879657345e-05 7.122974103918353617e-01 9.502004254609792699e-01 6.857334234599604672e-01 7.589774325111322550e-01
4.554447451709370820e-01 7.433385992119684836e-03 7.085146713217198577e-01 1.416795892610422269e+00 4.730121179921119356e+00 3.817379693264304930e+00 1.488307841158112543e+00 8.889504041833773407e-01 1.621102423274104254e+00 7.323818375520401158e-01 1.456858027266700217e+00 4.759323712729401734e+01 3.826760896116291377e+01 4.160518687682674255e+01 2.730164157592984253e+00 1.506099419716642851e+00 8.386242519632974846e-01 4.601788503681734532e+00 9.156833273404470130e-06 1.834061377898390521e+00 1.182851803437425797e+00 7.083009418081933628e-01 6.868299412508661606e-01
8.539501404952125618e-01 7.862493732401394653e-03 6.326207016118230442e-01 1.662588805773130618e+00 1.837812087317257648e+00 3.775264983600868929e-01 1.768028466786424557e+00 1.142723948846712245e+00 1.551449223968650815e+00 1.452479905373027513e+00 4.073702076465370858e+00 3.839467336549139276e+01 3.068646970314271627e+01 2.420900110838698893e+01 2.410713240988974437e+00 1.927555584652262510e+00 7.069698277286900812e+00 2.318721947289481999e+00 8.551015003393170943e-06 1.082823509353064040e+00 7.778546880378949258e-01 5.372814605584427250e-01 4.584572339793662188e-01
8.439048383523568564e-01 4.327399803694709744e-03 3.245960142544506710e-01 1.667524654983716159e+00 2.815367286374327094e+00 1.202199612132885287e+00 2.959216852846690560e-01 1.449996327102570426e+00 5.239391091634880704e-01 1.469986319886842585e+00 1.063588411221323415e+00 7.214784556634405988e+01 4.707261233152942737e+01 2.224188964839848381e+01 2.569774134219938944e+00 1.232604147320887744e+00 8.426995723826468776e+00 3.771702286973729112e+00 1.829424555832545165e-05 1.423997118837836640e+00 1.340515620864705548e+00 5.458323865563368127e-01 4.975614287708323147e-01
2.898550551632107508e-01 4.650530727102377380e-03 1.338910481365521710e+00 1.742276230195365150e+00 4.614640866929224927e+00 1.315408199822986068e+00 2.102581909668652216e+00 8.223617291340508118e-01 1.205564746422939315e+00 1.493280902196524984e+00 3.811549048542150597e+00 9.420556112252535286e+01 9.744098168733167142e+01 1.980857573002575478e+01 1.488845348107610489e+00 1.797800012660733193e+00 8.369774462868544873e+00 4.480215495392057434e+00 1.201255021684128394e-05 1.268063028111863444e+00 9.276779856235072286e-01 8.221086791932217253e-01 7.370228286651222538e-01
3.175593750375911850e-01 4.978673275495375944e-03 9.728368676920557956e-01 1.448238471770748825e+00 4.542871069368082715e+00 3.340010706397771312e+00 1.388005827594898767e+00 1.052621964010501676e+00 1.346783611986710705e+00 7.759198998518311852e-01 4.948922506777355679e+00 4.314734511389632132e+01 3.134330335186142591e+01 1.861606227758788989e+01 2.579489492402930129e+00 9.908777598369635786e-01 4.205541446365221425e+00 4.912066022064352389e+00 2.019450359705410653e-05 1.591858044322166821e+00 1.921775431372383602e+00 1.039529061948896160e+00 7.131939802337160517e-01
8.505549418595104161e-01 5.963110175846881092e-03 2.387228858978991952e-01 7.190023326680861082e-01 3.833222754737578786e+00 1.627617915359996115e+00 8.899545102519451634e-01 9.165082715757484344e-01 1.749286366181993735e+00 1.520062591106087879e+00 7.526712948695269745e+00 6.376002568395508519e+01 7.594927158417377200e+01 2.279919239749531812e+01 1.395857736101112412e+00 1.714161954474518579e+00 5.648420511350069617e+00 3.908405454774454668e+00 7.256286689021472902e-06 1.099416691736076146e+00 1.139149130499957252e+00 7.248996369300356735e-01 6.379487430165516892e-01
6.405371902068377477e-01 9.366872605802966864e-03 1.103579559901346485e+00 7.472303804775042302e-01 4.848394732167915500e+00 3.431898989681536172e+00 2.490934812028135159e+00 9.811023177283748620e-01 1.161664210016395860e+00 1.205490182373262442e+00 3.441926614261410222e+00 7.969110025315748658e+01 5.650984766351803046e+01 1.658478745984586666e+01 9.738390137342616271e-01 1.268819448462724653e+00 9.292565296699899502e-01 2.442789535628276720e+00 2.411700179603660604e-05 1.462679335752705256e+00 7.000094853640214110e-01 1.062875519765620114e+00 7.622403045212760020e-01
5.710153938007029861e-01 6.718700464837943503e-03 1.085645378114575621e+00 1.628345956835834718e+00 3.389404876825941937e+00 2.965975394440767854e+00 2.414462682701354002e+00 1.204436099830058726e+00 6.157487386253456263e-01 8.196689964274359586e-01 6.938164785748822005e+00 3.584186210198433287e+01 3.490373474143802923e+01 3.962492980622849359e+01 1.332868673428201145e+00 1.820206019908782835e+00 3.857966919554431939e+00 3.683402046972775512e+00 5.015037128932546274e-06 7.749108133703360712e-01 6.227359292304581739e-01 7.900309405442906829e-01 4.003403823396193273e-01
4.316572717674093118e-01 1.157936076159395882e-03 1.125889801294631232e+00 5.537375357832347023e-01 1.892109008921541102e+00 5.665946430510029330e-01 3.033006060295567075e+00 1.034883019020471195e+00 1.582440583978312443e+00 1.141540060047647742e+00 5.400777007212900216e+00 5.652712641937333871e+01 4.044070436154421344e+01 4.446521650375111534e+01 6.622207696379727171e-01 1.559536776295218807e+00 1.455395391641723712e+00 7.775952277165629756e-01 3.007017354536340483e-05 1.757708580415888067e+00 7.123581590714711531e-01 7.049810836747862908e-01 4.086321758752849975e-01
5.971839128918340345e-01 9.574875110453944004e-04 9.186882400386617853e-01 1.212628605644828550e+00 4.199977251853602489e+00 2.440308663565333713e+00 3.177243223210204803e+00 6.974897869768365011e-01 8.022397922654185276e-01 7.570648093588078220e-01 4.162448486646370682e-01 4.172519106944299949e+01 8.867628717269749927e+01 3.115306333345558443e+01 5.399668453840048565e-01 8.193584062310019789e-01 6.188077898059542115e+00 5.769805509010079714e-01 3.102302131488966425e-06 1.981798376521378469e+00 1.560472206138318718e+00 1.111471740137231823e+00 6.490231393173442331e-01
3.557958218656107618e-01 9.921943242902417706e-03 7.589893862754520937e-01 3.652576054329776389e-01 1.398482414901478066e+00 1.087327356821560453e+00 1.196834984359246956e+00 9.051598182825502104e-01 7.578020531654170444e-01 1.671366521384831660e+00 1.906916790875996748e+00 5.053103819994653634e+01 9.698993286733363561e+01 1.551569748622808653e+01 8.916451707627564005e-01 1.617589287543422572e+00 8.021704949767046955e+00 9.057851685636473249e-01 1.178916628781080442e-06 1.253641448636973355e+00 1.321243912636425932e+00 8.062633346564210823e-01 5.143634629634584732e-01
6.943215678046741335e-01 4.232639364273067394e-04 9.959168166166894043e-01 1.925632737994448451e+00 3.586688838032598525e+00 3.625007846531019595e+00 2.312449958032806396e+00 1.160043836125365768e+00 1.674444074126506754e+00 1.187483229867350110e+00 5.335703267024304530e+00 4.115192003667080201e+01 7.632841923271476503e+01 3.782695182968362957e+01 2.107914563193139301e+00 6.822703904595681657e-01 5.678360717409295155e+00 2.129913930953934109e+00 1.971560448388022481e-05 1.397210620978699414e+00 1.052128478809692957e+00 1.188252588539198129e+00 6.888752942191629369e-01
2.227323371523993456e-01 9.794376051152527130e-03 1.320218603417204761e+00 1.930984532490285233e+00 1.328120742485775718e+00 2.253974271367949367e+00 3.276986009125488764e-01 6.276658677729365365e-01 1.487570913905579717e+00 1.160902422202610751e+00 3.088761351193430205e+00 3.496498528067717615e+01 7.389099228941924480e+01 3.840881466449280168e+01 1.928250867176322547e+00 6.606845556087006521e-01 3.692338624540193237e+00 4.357882457033627865e+00 1.923988020151926918e-05 1.408018923142289935e+00 1.998327995820208702e+00 6.074927296430402412e-01 5.263425141623021553e-01
6.230522640644295951e-01 9.511599479278506561e-03 2.408498323908632166e-01 1.544880582355491194e+00 1.011572600022966339e+00 2.651127137667677047e+00 8.418459422337052356e-01 1.407486601788928038e+00 1.958427690675209609e+00 9.918202136464602248e-01 3.288796706828474470e+00 8.083470044061709814e+01 3.765683355302075341e+01 1.700838606447025114e+01 1.678800281205818923e+00 1.043594506344883488e+00 9.185217833963285727e+00 1.176334195060481536e+00 5.748479168643255376e-06 1.021931796344598631e+00 8.745484190499190902e-01 6.807216962371815949e-01 4.380594360515343566e-01
3.144039636841979846e-01 9.183155958881637423e-03 1.308349649289721972e+00 1.501418596805965455e+00 1.290213750951180405e+00 2.837058026989574433e+00 1.455225278490119178e+00 1.107705797156643746e+00 1.809222568515079121e+00 1.221293282294266369e+00 4.228750550592042856e+00 5.039068426303246184e+01 9.037617451382038780e+01 1.565400123317322567e+01 1.643637404957635662e+00 1.027647633369978220e+00 4.138978752289228957e+00 3.065542203971978186e-01 2.644597852279589794e-05 7.250251222869874557e-01 1.197250381959571230e+00 7.000322747544659441e-01 5.434456770222348965e-01
3.973848559317393336e-01 3.440544613105808117e-03 5.941348475081646985e-01 8.994838141652818919e-01 3.026214147629856299e+00 2.725811954991969266e+00 2.222820004468611721e+00 7.829308365658307345e-01 1.641727999812825356e+00 8.557209001386607561e-01 6.437650256426804773e+00 4.831988137906611769e+01 9.383254536581658556e+01 3.342164091930905556e+01 1.259874570744464961e+00 1.184913498418010525e+00 9.530602779608008390e+00 3.377968572680107862e+00 6.144455737424267843e-06 8.746354136923784051e-01 1.864399127273278500e+00 1.053674209674212658e+00 4.294146396377784836e-01
4.186978917494053043e-01 7.758511312495303992e-03 3.877592700054378616e-01 2.705428283472602335e-01 3.854951423820304424e+00 2.508397060707575399e+00 2.894653135018693924e+00 1.064573184084107949e+00 1.448037325522893326e+00 1.507037882520143812e+00 6.529554142992461507e+00 6.620637372438582702e+01 9.337598963553476494e+01 1.754130666136492067e+01 8.517575443577911631e-01 1.066964100046929653e+00 3.536587399472303495e-01 2.418440995977014563e+00 2.175184130911778552e-05 9.958707131025080761e-01 6.164196325486716033e-01 7.757698562517820751e-01 7.399846821928613982e-01
2.333029352657542410e-01 9.935699461452536865e-03 1.169127099109714241e+00 9.888399608504749860e-01 3.553132787874104359e+00 3.395525643501400737e+00 3.580455846425990352e+00 1.224259359830569771e+00 1.052411289155142704e+00 8.952573534027130631e-01 1.988700987843206924e+00 2.552897621090798097e+01 5.129524005183917978e+01 2.134282824804244072e+01 1.302346128185484897e+00 9.705946311578333985e-01 6.355412191808408551e+00 5.445901426867547634e-01 2.984498567966219337e-05 6.183833028389806863e-01 1.207755947883745185e+00 9.744682222609261091e-01 7.203597270601339586e-01
2.643873155457975854e-01 3.650796541142574316e-03 1.488818503535888071e+00 1.970583391567357179e+00 4.305078284344187267e+00 1.590785043785022612e+00 2.671512087094651822e+00 1.068657356555878568e+00 1.332313313409170474e+00 1.967234382287588401e+00 6.339639225324800620e+00 6.778409003957506229e+01 5.932247522502431991e+01 3.313290368924664619e+01 6.922847914791068202e-01 1.144366416132830633e+00 6.541636915398944652e+00 3.535993092161032525e+00 1.947365628719507501e-05 1.574126690904286807e+00 1.026789350715899163e+00 6.641969888829465374e-01 4.123518810321157302e-01
5.379293671208122962e-01 6.612692451707622571e-03 1.364375884854935883e+00 8.185509199212581688e-01 3.612256149197698551e+00 3.916044906531451986e+00 1.975406702305528839e+00 7.575037625711559253e-01 8.118609878147895476e-01 1.928983004118743461e+00 1.860424487716655084e-01 8.895546413032542432e+01 8.043954482170406095e+01 3.815843995099635322e+01 2.041394472541832705e+00 9.302962792398735692e-01 3.629392030713365358e+00 2.842262086677514343e+00 2.565090038324291182e-05 1.544494770370556935e+00 6.930379431632261999e-01 6.128136989611800978e-01 5.100112125660072326e-01
8.222220267650370840e-01 8.498678974161026980e-03 3.746640240141675404e-01 1.490602509430860145e+00 1.801896714147853240e+00 1.846217431569025624e+00 1.777536046071249709e+00 6.724779081576580664e-01 8.693289998513431538e-01 9.141382908194723989e-01 6.967272584830060289e+00 7.278778194684205971e+01 5.619302999045991243e+01 2.509663659935362290e+01 7.450231522382380067e-01 1.009010058372588947e+00 5.067777469566080439e-01 3.899230210757621329e+00 1.996505854427187729e-05 5.583740561634263910e-01 1.983699587072757398e+00 8.895290465293042015e-01 7.345713533284806696e-01
6.555033633943481153e-01 3.797934286889380513e-03 1.495324521964680908e+00 1.308009542068662823e+00 5.348339211356417655e-01 3.532333874341679891e+00 1.943210229750722551e+00 1.337401198937266500e+00 5.312687079707526516e-01 5.840055192941419060e-01 1.691729482108936367e+00 6.446374834815634358e+01 6.124718934041000296e+01 3.939184425858260852e+01 3.783238232214817809e-01 1.788278986520931646e+00 6.235989653809963507e+00 1.570112207168298024e+00 2.080773818854647251e-05 1.322630985165975215e+00 9.987363530963464520e-01 1.174908083928329017e+00 4.367211616760612314e-01
2.747123359226200101e-01 6.589029832590353152e-03 1.040558884902620829e+00 5.372422920690191894e-01 8.160245841316851045e-01 2.894563723738722505e+00 6.194373834496873510e-01 1.096823857181467909e+00 5.424202029967956085e-01 1.016872210964971934e+00 4.692580497810415530e+00 7.576442317645710034e+01 3.033252046164162863e+01 1.720860795355283202e+01 1.654822438841121235e+00 7.298648148294307747e-01 3.360305639958805490e-01 3.591216423415861669e+00 3.533164525484806366e-06 1.055577023662527258e+00 1.515341367865353339e+00 8.557823181217857345e-01 7.424493792092745625e-01
2.537180736697441930e-01 3.934908486644665519e-03 1.024319976077685102e+00 7.148035796432905542e-01 3.139910628198222753e+00 2.824341465293392250e+00 3.607598141834917893e+00 7.314021562966246393e-01 1.847501986323677015e+00 6.602882304545325542e-01 5.440691434290767958e+00 6.521715934863937036e+01 8.633730771604766119e+01 1.826863014431326349e+01 2.645404546741521479e+00 1.115463850839112370e+00 5.541443833225009108e+00 2.026177474178544990e+00 2.231938852158095289e-07 6.646762927008260657e-01 1.727710062363616794e+00 5.763190105999832502e-01 7.245275505066838262e-01
2.090762406965255005e-01 9.666804289931895527e-03 1.457305950941499006e-01 2.556449325722371380e-01 2.605972207184208855e+00 1.720649951585926152e+00 1.221161019806869863e+00 1.264529648292537223e+00 1.537310512692001474e+00 7.924093752166658788e-01 7.261525371312844701e-01 5.345694187731855607e+01 7.184590962572372064e+01 3.081051396862842395e+01 1.009305103816713345e+00 5.776490932316546978e-01 6.415774893762139719e+00 4.947543393206893292e+00 8.112330097587554400e-07 1.662141211987122613e+00 1.620733416613622913e+00 1.131112126639883586e+00 5.244107570110726479e-01
8.002640210584954783e-01 5.131048957344028737e-03 1.058910347611335290e+00 9.357072505761694359e-01 1.103604185788012559e+00 1.784775426398994114e+00 3.634110355567194972e+00 1.457201316900453403e+00 1.547855507804147601e+00 1.033157821850374747e+00 6.011226440532147386e+00 4.559724821519176885e+01 5.011621917094320366e+01 4.267130696190672978e+01 1.896759492186672613e+00 8.671911087919209615e-01 3.478773223526298697e+00 7.033680627225519233e-01 2.826544651631754016e-05 8.240783741304804622e-01 1.141293276066761120e+00 8.479904218407110505e-01 6.007823981532440794e-01
5.822264574363085199e-01 4.213338636015662511e-03 4.744604990949237155e-01 1.106514136760959222e+00 8.628768302469087548e-01 1.762097574258757460e+00 1.323418477697849482e+00 6.579444815687851555e-01 1.236419673518786011e+00 6.953962882732656059e-01 5.087566588419972113e+00 5.164211869884955775e+01 6.885939507266432713e+01 2.551588280683129284e+01 1.721395492380589198e+00 1.495309477529130904e+00 4.340987377123333602e+00 2.707109261267974798e+00 5.848523622705311973e-07 1.152212272388398517e+00 7.549148333668033173e-01 6.924513427360100559e-01 4.283677054620059765e-01
3.273604599570006379e-01 2.232572877853383677e-03 5.400308319811202296e-01 9.444108088686091751e-01 4.262294402879316380e+00 2.975819049245469472e+00 9.425685567109493013e-01 6.897973737375560077e-01 1.219730999620003198e+00 1.115399557409344933e+00 7.860159417428881135e+00 5.924598333938956785e+01 4.578830458010605753e+01 3.474107948299962345e+01 1.419732072129766820e+00 8.731662668308990405e-01 6.840262912600512113e-01 3.109629853041793623e+00 2.194837916950207447e-05 1.184193913865687176e+00 1.161026371612736474e+00 5.925638678150506600e-01 7.689180107360121808e-01
5.545292615911818768e-01 2.446273822680153278e-03 7.938229537661748436e-01 6.263973555429009910e-01 3.964043750242084663e+00 3.006389585204920945e+00 4.789482425573740043e-01 9.643622957007029761e-01 1.705913295488319159e+00 1.342413250392256785e+00 1.291669432070549739e+00 3.954351137043492059e+01 5.725183018820530378e+01 3.676135776111122766e+01 2.848185161608322691e+00 1.257062178576369149e+00 9.307830460248354143e+00 1.963306424309090747e+00 1.908305605353404752e-05 1.456904362354387805e+00 1.716802531140009691e+00 1.007697530037093170e+00 5.888998538321204013e-01
8.632149725879572078e-01 3.320699113451380108e-03 7.412023052826837155e-01 1.709424523993311018e+00 3.908561021351828035e+00 3.366369603357092899e+00 6.656157506386428668e-01 1.480148118086910936e+00 5.637048423355957016e-01 1.589695077636471998e+00 7.620282635804727533e+00 2.972535224806016529e+01 5.464936335601002781e+01 2.981229088665188698e+01 1.482398570024440643e+00 9.007392752208809306e-01 2.889544124097608080e+00 3.050934857244004039e+00 2.380712232655469242e-05 8.929046942942142628e-01 1.615543536152997062e+00 7.752411962428285008e-01 6.432983076801100930e-01
3.933581462041745302e-01 6.260487841460202207e-03 4.026647122694279046e-01 1.520991028155425528e+00 2.106299740692504585e+00 1.802235530006050190e+00 8.705808279876863232e-01 1.315561434850639477e+00 8.904064786880355742e-01 1.273435955436950096e+00 4.640571919713581295e+00 9.289639048138563737e+01 4.934625760144528073e+01 1.949291941417011031e+01 2.476062833085103776e+00 1.076283609520235274e+00 5.240924789528131456e+00 1.215680335068065387e+00 9.000568522067366872e-06 1.205849714802728290e+00 1.087588297236614654e+00 5.710550126274620553e-01 5.032328924448316032e-01
5.186659195264002875e-01 6.039212205142054785e-03 5.769902753284621433e-01 1.124338808015829860e+00 2.759326087047580423e+00 3.889506754152098456e+00 5.118211120419637883e-01 1.283149503103617972e+00 1.818347193396856909e+00 1.930072924233550591e+00 3.517448276532009643e+00 9.132914680341622216e+01 5.227582342830720563e+01 4.157164961796903668e+01 2.175423799362709243e+00 1.564379538161007499e+00 3.315387853266245966e+00 2.079885036960325451e+00 3.106672376992671285e-05 1.062606754204224790e+00 1.786655675834530665e+00 7.947475529957013229e-01 5.525643332055233392e-01
6.140483719038452026e-01 9.285444177915642625e-03 5.715826903304189743e-01 9.301938183570146457e-01 4.143570652845436797e+00 2.714876149670432781e+00 2.768659104043649677e+00 1.258759182717807956e+00 1.529571016555415941e+00 1.401769495934944931e+00 1.580009782109295102e+00 5.117100780780597091e+01 6.741788798592480703e+01 1.629429661947163765e+01 2.073402266716976250e+00 1.809479811554710160e+00 8.946115542144529087e+00 4.456316730838277174e+00 2.605168690101221398e-05 7.416251798101732851e-01 1.256272716413564305e+00 1.073586553900532037e+00 4.844788599648670591e-01
4.429365500886188745e-01 5.452050941424289171e-03 7.039285791435339057e-01 1.851940549660161750e+00 1.028638948981498658e+00 3.971123747783114055e+00 2.962537696031599666e+00 1.040265879939652471e+00 1.777151360393198321e+00 7.046248969238060322e-01 5.822676171043954518e+00 8.188750663882566982e+01 2.527201721721939620e+01 3.504564053003565505e+01 4.328580051520827809e-01 7.702867487310209871e-01 4.792304716544032672e+00 4.255658253183627338e+00 7.433308342581217520e-06 8.088334072500987793e-01 7.681512727212371772e-01 1.122990954154702958e+00 6.109929002649121532e-01
7.411431238828876111e-01 9.086178141487915444e-03 1.289702810526485832e+00 1.877903344051569778e+00 2.176160712370681427e+00 2.782702409870668969e+00 3.469952640546757117e+00 8.593558506484801907e-01 1.391445067333199948e+00 1.246967346703621748e+00 2.673682300546861068e+00 3.512990580390231088e+01 9.213689203935832950e+01 3.565299022129680395e+01 2.870702113834050717e+00 1.152517173703080822e+00 9.432898243395626992e+00 4.117356665266590277e+00 1.225172116156736463e-05 9.308420064491875756e-01 1.450952578103863022e+00 1.048759802175817324e+00 7.293677732167409555e-01
7.499643234540565029e-01 7.176447202725025863e-03 1.177951795570298277e+00 8.624885999712144091e-01 2.144186311504550080e+00 2.781862592321616701e-01 3.897543620489073213e+00 7.473824614728264981e-01 1.834445298333104102e+00 1.784053299326762154e+00 3.642414831556432642e+00 3.218827887971460200e+01 4.648532922013745861e+01 4.041854373257550748e+01 1.960389065385305329e+00 1.684303779478751206e+00 3.545814151962468408e+00 3.265455960960408799e+00 1.251531307583393734e-05 1.652048933232102668e+00 1.967816288144950354e+00 9.712522929312359388e-01 6.735918363801081110e-01
8.157744710550491885e-01 8.350340093791933788e-03 6.044064647917845035e-01 5.198597599296364002e-01 1.208316057173520308e+00 3.179217236501229671e+00 1.731986860814115348e+00 1.232310959588666543e+00 1.273784285227790081e+00 1.482257228987443831e+00 8.207930156620784068e-01 3.332349215233299589e+01 4.422754737785651002e+01 4.484409994569259084e+01 4.549873185650873397e-01 1.533720011534798644e+00 3.357171131750244175e+00 4.095184430740820281e-01 2.476476737323288129e-05 1.370190620246841240e+00 5.431256732426146261e-01 1.097776649568671381e+00 6.713270271084337271e-01
4.622924371295520363e-01 8.285762437487786784e-04 8.754713514152598908e-01 8.310719896972382781e-01 3.097242082029220800e+00 2.482244211634526909e+00 2.928886521961333145e+00 1.489111108934118910e+00 1.105875889202752704e+00 1.998676589544554183e+00 1.076592945879026431e+00 3.630244004300120508e+01 8.776435583285169173e+01 2.020414163549467901e+01 5.646425205411973458e-01 5.405575387681011978e-01 1.511936553879859924e+00 1.516243730203937545e+00 2.861265628178141055e-06 6.592105504915782843e-01 1.549757855405979434e+00 9.353447672390489132e-01 5.757280300080384050e-01
4.398150855115698921e-01 8.029562384932934990e-03 6.767345355474594371e-01 6.485816325128276327e-01 4.070270270055903694e+00 1.296200540488637420e+00 3.874259299086471042e+00 6.185897040014773918e-01 1.132667825986959365e+00 1.711288970966603706e+00 2.993877332557701720e+00 8.361226814205082292e+01 4.962035888823938024e+01 3.272552025292218048e+01 2.667345442138509437e+00 9.180753331258479921e-01 5.812451548837714199e+00 1.028452741624217071e+00 2.721784634270034407e-06 1.773513872005719527e+00 1.487718197236822304e+00 1.000686130190128420e+00 4.471663748920400305e-01
4.342930410378774142e-01 1.601499042043672948e-03 4.992102357742317364e-01 1.783620757652790934e+00 9.190466617585958398e-01 1.896611630630188561e+00 7.035198110187126375e-01 9.400431285400138171e-01 1.142379912633721517e+00 7.139313808964882213e-01 2.216903175269106185e+00 6.085057629181834216e+01 9.979941275477339957e+01 1.687490257686447492e+01 2.341044129942863705e+00 1.274232549649903179e+00 2.612102219082669041e+00 3.955111785549637826e+00 2.281357547472828503e-05 1.499653105620062821e+00 8.201831689390322033e-01 7.558115039912962629e-01 6.347910396725751081e-01
7.533570821338702039e-01 6.805114045972666774e-03 1.089874753950014208e+00 4.086525114381525103e-01 5.592250746318511156e-01 2.069388391426238538e+00 9.791988396226790625e-01 6.168516489742594811e-01 1.436626192399345747e+00 1.376871076891051704e+00 7.327463055073963005e+00 2.601164940101811140e+01 4.066637115078823683e+01 2.250377770807485334e+01 2.830943396726767425e+00 1.122643225109491105e+00 3.431737952161421301e+00 4.063013972554402109e+00 1.516957919842782589e-05 1.416499938504032663e+00 1.972139945868343736e+00 8.610894869872196544e-01 5.599510914868217615e-01
5.656171901398443502e-01 3.189836440799234609e-04 6.664056049939657278e-01 4.778917424598855268e-01 3.381980593226174836e+00 8.735805105948795113e-01 1.414612583955797920e+00 1.297635084604828792e+00 1.008710459962467665e+00 5.210457013197776766e-01 4.126869159054354697e+00 7.780225616740291628e+01 7.663110023493180734e+01 4.024500201585647119e+01 1.589962703470190197e+00 1.707243419095684889e+00 2.527562141379741334e+00 1.886367975195420543e+00 4.308997391025320479e-06 1.885222841553461759e+00 1.098081734054346503e+00 8.661606026022479199e-01 4.784250667839906046e-01
8.611107650607277009e-01 6.513264170242756036e-03 1.002107299952841757e+00 1.176933708061532968e+00 4.026744255703730069e+00 1.171655649549472322e+00 3.974606214554150085e+00 6.026874689768370041e-01 1.669659784558766402e+00 1.633349553155722056e+00 2.461067302505094201e+00 6.498103836501704222e+01 4.892863491145899957e+01 3.832458793098710714e+01 1.990342121009095688e+00 1.221567803471122815e+00 8.861162061063057038e+00 7.683888551183961635e-01 2.034137982932071649e-05 5.661429699985686126e-01 1.079434936392056565e+00 1.103012279849277633e+00 5.475793383927242131e-01
4.124708722510053160e-01 5.476430724636319712e-03 4.504424803139032152e-01 9.110893594054716438e-01 4.498734621169605319e+00 2.606944489391262110e+00 1.351092626325626656e+00 1.498339273298071816e+00 1.974854024749365333e+00 1.058017110340180533e+00 4.438485278301871340e+00 9.399569329054581601e+01 6.191342868431657109e+01 3.414162460206434702e+01 5.961107364234470296e-01 1.602632483381673190e+00 6.646805139641078775e+00 3.608037295633971242e-01 1.577351314716744082e-05 1.131279291330993919e+00 8.085434063370402491e-01 6.482949407222053928e-01 7.461659113127876441e-01
3.769162803259413774e-01 4.183827450646747555e-03 2.178819955607845804e-01 1.331281102861562093e+00 1.061499545046348025e+00 3.734584660522727972e+00 4.316950736961405188e-01 1.382678975452327652e+00 1.305401507024998908e+00 1.472523339282587163e+00 8.830852307903025444e-01 9.708998680871879117e+01 4.195023558091951088e+01 2.196366987701609830e+01 6.405151655818303036e-01 1.945804018827515192e+00 6.687168033812747936e+00 2.646884294859950248e+00 2.700646509801447572e-05 1.244599367514409138e+00 6.721718182975203737e-01 7.588001610937038510e-01 4.673298968203986048e-01
5.076219712435297016e-01 2.840972230312910438e-03 7.751428797774523316e-01 1.756102591902791277e+00 3.720060901687110011e+00 2.186091592345854373e+00 1.831173415712811448e+00 1.004972986807913582e+00 1.196908387145880548e+00 6.419553663105866947e-01 3.311366282721130982e-01 8.442277636124859441e+01 8.902628087303638438e+01 3.250441028690201506e+01 2.544308357512299779e+00 1.329986996675375455e+00 5.781264523197079619e+00 2.376155794832956136e+00 7.793177460829363163e-06 9.523156089320252704e-01 5.535206821804341537e-01 7.136537411090148053e-01 6.935623779854747095e-01
7.675928131790419329e-01 6.123644560032051251e-03 1.279324451413081487e+00 1.207289093748133313e+00 4.567113845027143126e-01 3.929935974536259646e+00 2.185862955242819261e+00 7.039966774537373961e-01 7.810474752881542138e-01 1.794623650104104851e+00 3.894502258759342972e+00 3.710092126246257749e+01 3.297520735241477041e+01 3.732863697259627145e+01 2.288924764699232561e+00 1.354523751039569568e+00 5.111914322073021211e+00 4.728523150407278663e+00 2.206308210552821009e-06 1.749121049915100201e+00 5.870361788637393774e-01 5.878332333067385340e-01 6.930749743002855290e-01
4.751626860421854226e-01 4.926748555002631418e-03 3.145369951824119603e-01 2.930274318505627917e-01 2.265168862132425520e+00 3.231904898875864074e+00 3.711481633517037082e+00 1.181466202107994246e+00 1.475286728763220756e+00 9.700154372146246873e-01 5.270042614919845825e+00 9.662607556754956306e+01 4.145847379728579796e+01 2.829647180527686601e+01 2.996645097328483942e+00 1.366587631645826306e+00 8.778637129371960057e+00 1.015724632986173992e+00 1.591893417485572249e-05 1.070999728483350788e+00 1.384595076943218928e+00 6.242931101211055545e-01 6.146772115135712422e-01
7.162026313000333655e-01 5.292017881471009454e-03 1.078643008795576730e+00 1.286998913531933963e+00 2.038005488079138505e+00 2.939397007759877667e+00 2.247701971322129122e+00 8.817420576468245619e-01 1.715894229701821594e+00 1.251694431293346899e+00 5.244537788435929215e+00 8.288504066862041952e+01 6.318801716776087574e+01 2.366450714297829094e+01 1.762255603859405051e+00 1.692201904456950512e+00 7.594546846013785490e+00 3.731327642212596274e+00 1.769754646532018254e-05 1.435786740729889877e+00 1.159558190012637269e+00 1.025163876157398679e+00 5.201532479522982255e-01
2.407609639405871860e-01 4.465982640687740993e-03 1.235586487613549167e+00 2.787094343489789905e-01 3.529262315152936313e+00 3.676758508543869652e+00 3.266012576227825814e+00 1.368220055031674320e+00 9.549992486760477961e-01 1.946604119180475045e+00 1.173325688783176890e+00 4.024732588799368926e+01 7.747124959136183975e+01 3.536677920880187997e+01 1.751250144440029688e+00 1.401062761887486907e+00 2.767182738296717570e+00 4.304925772770020309e+00 3.058659040344346872e-05 9.263434793463105610e-01 1.332778843049290840e+00 1.185787105811581643e+00 6.689778902568221941e-01
6.846499012236124670e-01 3.345233362185198039e-04 1.227816335586986662e+00 1.033653618961998921e+00 4.037552499326156230e+00 7.683241320031186650e-01 1.169712586371169483e+00 7.149454690585747008e-01 1.255092649424303763e+00 1.178574158868767485e+00 5.524267936594493555e+00 6.830980635174950066e+01 8.172436603390053733e+01 1.662758353651190291e+01 8.416102956725957096e-01 1.593440984476110156e+00 5.974336485557093290e+00 1.301631873773458015e+00 1.143257400544278315e-05 9.445575142031394922e-01 5.346659902098856998e-01 8.963044410665441664e-01 4.889432698385126619e-01
4.703076764827083811e-01 1.397651588959484019e-03 1.150828352723716419e+00 7.729459367583519924e-01 2.699755478813998799e+00 2.137850031738834033e+00 2.538138718272685335e+00 1.117097730638485942e+00 1.898198587475919519e+00 1.515134774192140821e+00 7.918708606265583150e+00 7.411198926407021759e+01 4.687750446799037718e+01 2.818455942218187360e+01 2.232001279635357882e+00 5.614672727990999146e-01 1.488599840500255123e-01 1.849848831504329993e+00 2.139365197060089945e-05 8.614804593008293931e-01 1.744281646332958458e+00 5.797837178067846153e-01 4.614309843065970140e-01
7.426232280895759263e-01 6.772854521220803524e-04 7.666275408724876339e-01 4.928990983988778551e-01 7.075456370242123594e-01 1.345502521150566011e+00 2.162848945518678345e+00 8.683712746101274194e-01 1.511948111015465779e+00 8.762650748719735816e-01 1.735548582574721665e+00 2.752303449349423303e+01 8.811358901067288230e+01 3.285113953162812095e+01 3.613790364167664970e-01 1.766844922636743531e+00 8.085838154921051180e-01 2.248023274486562695e+00 5.963647967977393858e-06 1.449813056626900742e+00 8.856409777638647451e-01 9.851056575867176424e-01 6.235933735035606995e-01
5.288571069199439201e-01 3.175196842423232656e-03 1.669571657490495631e-01 8.107742099907222499e-01 2.289777768674947200e+00 1.964229279203628664e+00 3.201118569204914888e-01 7.354642945985766511e-01 6.214131982293027434e-01 1.689358696096426860e+00 1.394558351611314917e+00 9.457475900691241577e+01 8.384412291750923885e+01 3.616050236965651976e+01 1.319774376042741837e+00 1.962718351198099898e+00 4.284687035555863055e+00 2.105827011750747602e+00 9.684443574259527365e-07 1.337405429573482296e+00 1.315684322746198287e+00 8.866580801436496628e-01 5.614846088790814704e-01
3.500242887654178570e-01 2.998704696018959521e-03 4.347004629195433401e-01 1.593006759633844194e+00 4.418199878734291097e+00 1.515307078642824656e+00 3.768393177171002417e+00 1.061320475621949644e+00 8.556972754195497632e-01 5.132719470741613499e-01 2.911008782004778084e+00 8.817074392499955593e+01 5.570647149599891179e+01 4.293916515750708385e+01 1.059980045881515842e+00 1.177699297071457041e+00 2.710927678979794919e+00 3.343929255729461758e+00 1.743326402966761642e-05 1.805166355107446385e+00 1.289424446508844024e+00 9.628632716176067641e-01 7.676388952784375386e-01
3.792827534290388325e-01 3.041513394772542810e-03 1.395681325267126738e+00 7.997336744017575771e-01 4.654928322615719871e+00 2.855643023726878837e+00 6.935048455549075452e-01 1.474902029596271813e+00 1.228869580995095578e+00 1.666648998214636190e+00 7.276556661856329988e+00 7.912265078251778050e+01 9.876664924736030571e+01 2.596086376507685856e+01 3.323149701210220130e-01 8.813792042804107219e-01 8.509494348625416649e+00 3.793661990389387562e+00 2.489446603420303176e-05 1.931946026389276705e+00 1.395074162648559657e+00 6.868643725312080228e-01 4.208589905084660354e-01
4.975775656736221575e-01 5.346822659522124620e-03 1.330959783434379151e+00 1.408486403905794271e+00 3.190897287351855294e+00 3.499054251258630899e+00 2.668159288336408586e-01 1.365676154028487188e+00 1.826403101430165599e+00 1.644290153979900859e+00 9.141575536973944871e-01 9.170073341197243622e+01 2.709652275807437505e+01 3.634780184552560911e+01 2.506425268142161933e+00 1.950724967921168451e+00 3.742919203062955003e+00 1.784173995751396680e+00 2.435772275420124223e-05 5.305049399365731055e-01 1.000841634467646735e+00 1.171220716393894135e+00 7.108040220062589176e-01
2.680016038450631632e-01 5.738430603251574655e-03 1.063379080122847320e+00 1.253409745816141951e+00 1.376301228994562420e+00 3.775344085865526722e+00 3.736924839349472283e+00 8.943933488709987500e-01 1.852990459579139770e+00 9.444062801198929158e-01 3.364950621967704780e+00 2.747045636342264530e+01 6.902171755549684917e+01 2.782166552760024558e+01 8.700094228334136481e-01 1.413692287882217791e+00 6.825248726662340282e+00 2.573252341181079039e+00 1.489406959687336263e-05 1.168852384153908908e+00 1.494354565075094454e+00 7.495107490975582154e-01 4.807227173572437562e-01
5.475951073354924370e-01 9.061847275375369687e-03 4.636958508450450545e-01 3.149942433880343895e-01 3.044699606334443587e+00 2.089353273245545317e+00 1.500297311262763555e+00 9.471525382203589416e-01 6.855216151626645216e-01 1.554701304313586441e+00 7.193623956146705467e+00 8.025812965613921790e+01 3.928119857900548340e+01 1.764706384132856343e+01 8.227307742862695061e-01 1.464840194133977480e+00 9.780468447829756329e+00 4.823998452944687543e+00 6.349776274673247915e-06 1.291726078278169654e+00 1.424519616939095679e+00 1.160331340720357707e+00 6.637664137932017816e-01
4.824462937612019608e-01 2.179162629794402072e-03 4.440171384947385613e-01 4.486541781724803224e-01 1.627548829018436338e+00 2.290129178609451088e+00 6.464328962480099250e-01 1.338041691913610443e+00 1.860021292693645023e+00 1.299992125287560585e+00 1.014822326127892804e+00 9.815310173437201513e+01 8.234313340478834675e+01 4.138275065868364777e+01 9.644974526475409426e-01 1.200682389162041286e+00 7.263527168507289744e+00 3.088017332939076542e+00 2.946550516115364052e-05 1.728001267033670851e+00 7.369813578852264513e-01 8.204332014364632553e-01 6.966181138680871410e-01
8.059495554503333103e-01 3.335395838421270024e-03 8.893533710282321980e-01 1.947049931245745436e+00 2.233706546886993660e+00 5.903885358223425195e-01 1.054463386354362431e+00 6.324000924455126516e-01 6.792613389333914675e-01 1.603122717784569051e+00 6.736400396902666010e+00 3.871956167574843732e+01 8.734634651844615405e+01 4.111666973937825276e+01 1.195012899837306408e+00 1.990192020820905849e+00 7.958688937484571291e+00 4.562564917532876407e+00 1.780211203924376797e-05 1.475344907492227575e+00 8.392079244894963264e-01 6.428881630407321524e-01 5.761165526596676578e-01
2.601638190649725457e-01 1.765306899040378292e-03 5.599358139794236022e-01 1.241121658636426428e+00 1.525437257562046067e+00 9.533224009199131599e-01 1.097618400020792029e+00 6.816608836293721607e-01 1.113194678270053029e+00 1.442237747095101330e+00 4.337786137783128382e+00 5.225297723308855780e+01 9.148753555116529412e+01 2.017038744220857893e+01 1.000114724092020735e+00 1.899823605576895558e+00 5.452037483937256290e+00 4.211482514228241492e+00 7.900639309954297367e-06 6.738743617962450472e-01 5.690473864316095698e-01 5.088779125751242693e-01 4.557573671167733931e-01
4.850977538772175413e-01 1.826737777079123206e-03 3.492050795823068987e-01 1.806749418753465175e+00 1.245110210331844325e+00 1.931668443028077720e+00 2.729192117618647551e+00 1.165530330029732387e+00 1.567645358354671448e+00 8.639648942018040012e-01 2.806710823802509136e+00 5.711287543464107586e+01 9.816142213808073791e+01 3.337536927563992606e+01 2.030447623291722348e+00 1.879382240063596665e+00 1.227115337424517616e+00 1.246831595884730914e+00 1.450564590050188199e-05 5.981188811773434644e-01 7.455321162705730309e-01 6.064647001057804632e-01 5.081571565814749780e-01
7.913910514206603519e-01 1.300641129640832091e-03 1.195858361360802702e+00 3.218099578202154865e-01 4.378779803744078158e+00 3.401603240590822086e+00 2.133734313106524283e+00 7.868318930929170119e-01 1.888181629963907149e+00 1.568630814466347445e+00 1.272057391773476542e+00 9.069662854471582136e+01 4.508169645112563018e+01 4.214573749135786329e+01 2.940827626020266816e+00 1.435419215734522691e+00 2.367096614896593731e+00 1.099476939827575883e+00 3.072852494353937636e-05 5.292133570701652578e-01 1.170843336330019913e+00 6.182308472975152069e-01 4.527144278922868859e-01
4.915793780314747230e-01 4.749964278495211016e-03 7.862467990106531968e-01 1.955186207889011873e+00 1.480207172276047034e+00 2.594080111708367831e+00 3.218802616479707890e+00 9.925461604358261081e-01 1.096704648113343561e+00 1.002663248624017234e+00 3.057934460279642330e+00 5.758526852193489276e+01 9.272664413600521982e+01 3.483631601528188071e+01 1.523930229737769482e+00 1.909653123707869327e+00 7.893944512804591973e+00 3.703325934429932076e+00 5.353293706214272963e-06 8.389329190263715708e-01 1.063188534255470330e+00 7.312399260651678556e-01 4.594456190323346623e-01
2.151190599616841781e-01 2.338894370935855598e-03 9.612213587876815568e-01 3.920113627054787608e-01 2.350182838401935648e+00 2.626902834467891856e-01 3.101652230440221203e+00 1.217037744074130678e+00 1.241569682287589682e+00 1.698913179425831865e+00 2.365375323771188310e+00 9.890977875687990206e+01 7.126955552552624340e+01 4.384192695195815759e+01 2.160304263149854354e+00 1.724356163565766487e+00 2.831100290870104619e+00 4.663759779056766419e+00 2.252121763724480435e-05 1.820730528476342425e+00 1.119364276605902653e+00 8.083515897963056140e-01 7.900889456878992245e-01
2.473179512380077327e-01 1.714685415942446582e-03 1.444569433839436146e+00 1.512638679042727530e+00 9.378672435439469046e-01 1.489929155542214056e+00 2.696940603196789965e+00 7.546256182285642211e-01 9.849826520170694710e-01 1.758703248295334642e+00 5.881408628272699168e+00 9.205072105460595822e+01 8.989199213319191983e+01 3.039012595902848801e+01 2.960297325332545082e+00 5.059430734226637583e-01 1.745716894175824985e+00 4.754870798580959068e+00 2.108859003191938559e-05 1.897569141824454686e+00 1.656839579776899773e+00 8.393213977275121307e-01 5.366271064728113105e-01
2.278256485602292714e-01 1.089981537668864141e-03 8.652250403996724071e-01 1.794731351086380045e+00 2.773840859353239985e+00 3.268229554669594528e+00 5.572417282834387642e-01 1.312809716603294152e+00 1.689462518944902181e+00 6.033324219119994281e-01 4.384137728881818852e+00 5.472534028898724046e+01 5.389914273259118715e+01 2.638950902612087646e+01 5.175076442291149936e-01 6.391707609673107360e-01 2.151885923748083851e+00 2.796623960455220104e+00 1.672998168416001634e-05 1.617121837603198831e+00 9.823783807981494309e-01 5.418375728810013170e-01 5.680280478698742641e-01
8.782776687798210524e-01 7.259587053318698920e-03 1.209591545176879473e-01 1.993851351714896580e+00 4.610700760578867019e+00 8.760964645979190113e-01 1.436820168367896278e+00 1.431759616727056095e+00 1.070616148179163618e+00 1.988731470829564252e+00 3.747426606582788811e-01 4.467793306508220752e+01 3.996666607693518358e+01 2.735023081884791196e+01 8.018227019623944685e-01 1.839772948660052698e+00 4.985163122140980896e+00 2.004346536128907896e+00 1.408605024053120616e-05 1.369193996985418327e+00 9.371702883420346408e-01 9.160807881183758994e-01 5.167095443167158964e-01
3.877633012076993624e-01 8.463737994870693462e-03 1.258072773171144076e+00 1.391197366754872045e+00 4.813846482917532477e+00 2.363667487897053832e+00 1.335442949971485493e+00 1.237152112800208315e+00 5.151519392553863819e-01 1.532102754935089184e+00 4.985000276816152542e+00 8.641049097493539932e+01 7.209074706177034386e+01 3.952873121350096142e+01 1.408363761191661068e+00 5.808535343261211903e-01 4.894240202693048047e+00 3.020414652746295836e+00 1.439275589539593059e-05 5.450290688382681825e-01 1.758371171510848763e+00 1.095722455876360968e+00 5.515108183631951544e-01
4.013913301263704048e-01 9.447946100415089907e-03 1.420075950629517303e+00 1.431780284829677008e+00 1.146384724027759150e+00 2.011090366402020546e+00 4.739891149416564642e-01 1.174644331466356828e+00 1.498549871317442328e+00 7.881290589809675229e-01 4.863749455350049544e+00 6.167762153174694362e+01 2.572879472206665952e+01 2.533530831773671821e+01 2.627781069854159046e+00 1.427306299637908449e+00 7.712325824872847235e+00 4.177335904939075029e+00 1.071223362550464869e-05 1.522951021118768677e+00 1.570021193330944698e+00 1.021889238930137278e+00 5.053204147594024809e-01
3.077207420132153648e-01 2.871557156658903140e-03 3.219392050178269682e-01 1.832550414097451341e+00 2.453301214519095552e+00 1.248664632187196144e+00 9.657294125743182134e-01 1.080829529653753340e+00 1.365579169064210285e+00 1.897610575995972271e+00 2.764669722776079475e+00 7.147274040200960599e+01 4.330001318400549337e+01 4.230062055610451210e+01 2.439667640022811668e+00 9.223344846531482677e-01 4.068547555598742704e+00 1.827666018129635583e+00 2.270226806360980292e-05 9.621183043273671132e-01 1.660921673029341461e+00 6.301133245418464313e-01 4.497255532719217075e-01
6.853639658045179717e-01 9.592782175408848255e-03 5.047724639655367662e-01 1.088825981823049460e+00 4.772781181004109641e+00 5.454650376946443835e-01 3.978830041492384062e+00 6.111629941076566208e-01 1.619022829089782345e+00 1.093840866364259368e+00 3.988178817502855633e+00 9.948293605129498474e+01 4.237026594739408125e+01 2.168198872456594017e+01 2.814763761638368056e+00 1.012416940183352709e+00 8.576731180619695749e+00 8.564533777698342121e-01 1.817242555799158094e-05 7.506174535964202921e-01 1.539263566020445229e+00 1.176999687974106479e+00 7.518943899132557451e-01
2.103388665020640147e-01 5.644999358223894495e-03 1.156744796324099406e-01 2.232571570566847519e-01 1.788856355573838375e+00 1.147903488270748396e+00 2.800498741795736546e+00 8.353778583550929282e-01 1.023187672577231533e+00 8.090115760594701610e-01 4.513574598630852641e+00 7.895293301106465833e+01 2.758456353079080614e+01 2.744925083352231354e+01 2.886704680740350693e+00 1.331436753708379550e+00 7.178517480198840950e+00 4.661098465866382323e-01 1.569269060324521902e-05 1.689844370970467580e+00 1.671014798161156500e+00 5.251845940891199938e-01 4.407313185333524563e-01
6.517256223117948721e-01 6.880699642181513365e-03 9.108599263545602565e-01 5.312958129861269363e-01 1.159735049288358910e+00 1.024920771057316937e+00 1.866570803854713301e+00 6.902170161778752311e-01 1.086380147168016119e+00 1.702013142762858422e+00 6.703053294798017037e-01 8.346674080108978444e+01 8.119356574486479872e+01 1.536522073691660850e+01 1.253194992174501365e+00 1.164436306885969774e+00 7.017629063234983811e+00 4.242810989847413339e+00 1.722717267232590352e-05 1.957320487863061897e+00 1.107498405516667450e+00 5.541687348900579124e-01 4.929238250665459176e-01
5.098202083054224065e-01 7.600492198630772779e-03 9.526085465984293066e-01 1.380278375020008719e+00 5.884656599800496268e-01 6.003344016517062620e-01 2.367132170036971850e+00 9.354715778496298650e-01 8.335141083348760471e-01 8.894703992039045826e-01 2.279616722426809794e+00 4.228077027679918132e+01 8.436314185930575604e+01 2.443434862821509768e+01 2.457272256856261272e+00 5.319548656690544775e-01 6.993747646352054481e+00 1.057724091815479550e+00 1.179323203512262101e-05 1.648781191831052206e+00 1.502070447600059033e+00 1.059772203804088431e+00 5.809303968111217964e-01
7.850326348332392623e-01 2.294912689021773745e-03 2.265176246034421026e-01 1.810066530097550475e+00 1.659395646746831154e+00 1.382632913479686865e+00 7.738321624690577272e-01 9.293432277906905625e-01 9.725775105052120173e-01 6.334759107045310200e-01 4.185474897227538627e+00 7.358781636409779026e+01 7.280574831191029261e+01 3.052189348527714330e+01 1.346949108081253899e+00 1.528247385769118782e+00 9.046823390854882518e+00 6.059198618046648388e-01 1.127058686877027433e-05 1.760141735520723616e+00 1.442259417266322119e+00 1.085018433526760306e+00 7.067860097611140535e-01
4.060706820067165879e-01 4.390689398993578331e-03 2.907456927009264280e-01 5.951037294217607077e-01 3.225650566899302518e+00 5.088036835857809859e-01 2.342993735059013538e+00 6.415594934541870575e-01 5.890437570748999763e-01 1.329262360964074130e+00 7.107661422041392285e+00 2.830031210426731292e+01 9.465462556171929975e+01 2.922314746890139858e+01 2.367960671294128350e+00 1.865495019309314717e+00 8.875787661486050695e+00 4.712210664848045738e+00 1.869992617296260123e-05 8.522352233871127725e-01 1.908440354696470997e+00 9.783055523705703749e-01 4.867497842706840494e-01
6.078784236738824509e-01 8.589883516214112669e-03 5.299517936125693884e-01 6.115871677829174402e-01 2.544892625056131674e+00 4.831960670880889874e-01 1.880391178080015990e+00 1.402151857399423163e+00 1.873385220411196705e+00 1.304132761219375158e+00 5.633178669269007344e+00 6.258630192772676537e+01 6.403986291789030361e+01 2.618168631071596764e+01 2.683988959495009485e+00 1.627061609000934439e+00 6.311408339778435739e+00 4.328611128117915818e+00 1.683019173644691651e-05 1.221163722121235473e+00 6.551180624342766157e-01 1.148291378971429300e+00 7.880165451260386922e-01
8.930894708765038104e-01 7.533404718564479241e-04 6.545823549336796665e-01 8.386532623582152457e-01 3.432841818874197148e+00 2.031824396141646449e+00 3.141327508442596006e+00 6.474587172543037061e-01 1.507530225546046321e+00 1.956565691890867598e+00 7.026325120535218183e+00 7.637810255375498514e+01 2.925192268860878286e+01 3.439729319183261680e+01 2.281676649684419189e+00 8.500094251035016368e-01 2.052420422205931239e+00 4.854102421950909019e+00 3.045318104275124339e-05 8.415185842223089629e-01 6.641950717280056260e-01 7.851949035039031966e-01 4.750168637826197582e-01
7.587976025898204302e-01 8.835200160019351587e-03 6.476678083622674498e-01 6.993317570601056410e-01 4.228740466658067909e+00 4.575895512932174336e-01 2.469730158263625075e+00 1.111470200849617562e+00 1.155395889356118033e+00 1.825035771775212812e+00 4.609803563871297527e+00 9.644157984065665801e+01 5.325684038232235196e+01 2.574493400639396157e+01 1.285340684905821762e+00 1.736303945832027296e+00 1.027110099797178933e+00 4.624516773940106518e+00 2.655833330177074058e-05 9.158517739929576962e-01 1.696264684502300835e+00 5.629499606266219480e-01 7.028542794607363087e-01
6.687216768895699603e-01 7.875272748429027955e-03 1.350228616126934789e+00 1.914032567785353356e+00 4.105050208495782949e-01 3.760804613616921532e+00 2.288614840910932369e+00 1.125810651866304468e+00 8.442259609471447490e-01 9.067478074158087376e-01 5.044137080525462835e+00 6.653877160486749176e+01 9.431870462970826452e+01 2.092619544233042461e+01 1.933193670757206606e+00 8.035636269337130821e-01 9.979133824647595574e+00 1.362959466707763578e+00 2.531067777843850667e-05 1.924454561105414241e+00 1.634759685680031716e+00 5.306443525444347609e-01 7.254071209564667555e-01
3.456817371104161651e-01 3.080486816209206027e-03 1.398913857423059293e+00 6.339055142980867252e-01 6.709281774747174465e-01 2.771952166281413277e+00 2.085267264320451730e+00 1.247535772944128762e+00 9.970085121849512344e-01 1.771612140934420099e+00 2.091056873406182071e+00 5.803298211670543338e+01 6.047151297564372641e+01 2.336759488858454503e+01 3.884588629348278976e-01 1.459855928938996295e+00 4.447596615301249834e+00 2.752230343812620550e+00 1.383030641005915987e-05 1.696404116454191202e+00 5.995477442438246207e-01 6.683406395510409492e-01 6.829469054558390262e-01
6.726887458852146562e-01 8.284641330710997356e-03 1.139276868147363952e+00 1.164464557825299895e+00 4.924435584180187675e+00 3.851363441503051988e+00 3.692711437555975529e+00 6.711760596353631980e-01 1.980135560366227843e+00 1.811720843622395716e+00 7.700298772485537846e+00 3.935476194815725393e+01 7.542703792430720000e+01 3.701776696289376645e+01 2.314006405510832032e+00 9.650507758610615827e-01 2.089363223905975619e+00 1.529170566364169259e+00 1.325849209796597396e-05 1.506041871197609128e+00 1.409826504619223542e+00 8.303344567615065230e-01 6.817471406358592834e-01
6.053559345245269618e-01 9.609897194911372689e-03 6.019008932140884616e-01 1.882816095479028062e+00 3.473608579222921655e+00 9.417672593649673018e-01 1.266127852692159772e+00 7.212103417531737781e-01 5.978016409283476440e-01 8.330691083805814579e-01 5.736477583210495723e+00 6.742793195894731184e+01 7.471273412210923937e+01 2.891090089840120214e+01 1.876118656466805534e+00 1.846604231188545553e+00 3.086547593262371603e+00 1.605891244758069547e+00 2.049133184686996754e-05 9.079542841835862577e-01 1.462539534986600609e+00 8.317980758216904080e-01 7.628782368465342190e-01
6.990087439273624526e-01 1.924292535767702962e-03 1.023606668351491722e+00 1.864729154664906519e+00 2.291334324255261401e-01 1.726450111767740658e+00 3.846717746384588299e+00 1.353477527155783733e+00 1.127814542868060599e+00 1.396104757763942938e+00 6.875304488910191303e+00 2.941431637033841184e+01 3.723490817744709602e+01 3.204979530043896574e+01 6.143015183783506750e-01 1.575769590355914351e+00 4.501866677365272018e+00 5.021348940288676843e-01 2.616868898927458991e-05 1.949164495322863289e+00 1.649176265091616855e+00 7.185781097367955894e-01 5.401052557068306559e-01
3.398219304952889708e-01 4.829931717270381959e-03 1.427105914933771702e+00 1.902596370266392611e+00 2.724758715682532362e+00 3.552442617208973363e+00 2.827174356406705336e+00 1.223084004342717357e+00 1.404613109449129871e+00 1.021120347381826221e+00 5.745894747781981060e-01 7.679527769825926953e+01 7.884386784313426233e+01 1.911912127822721175e+01 2.754817038999888279e+00 1.302454054571251962e+00 7.440061972749290042e+00 1.417290564427051480e+00 1.756053929673256161e-06 1.274266205827782050e+00 1.899842375994732935e+00 9.476040698321879230e-01 5.706680584820926772e-01
6.309044939661502260e-01 1.288477524407355271e-04 1.214771781957851848e+00 1.270087645448239266e+00 4.802264034935343595e+00 2.337020743443113169e+00 3.303084130464993162e+00 9.554293466211547514e-01 1.786144723406114077e+00 1.102249405595945975e+00 7.941678685858152287e-01 3.696333107437497034e+01 5.510184838722081935e+01 2.074451751654327580e+01 2.605272576194252121e+00 1.773203944252636610e+00 6.884019149192575071e+00 3.826770183458900187e-01 1.633690936564348353e-05 6.949343236843428251e-01 1.854569961135355216e+00 1.091074288201054454e+00 6.588393069751450337e-01
3.321754132526058556e-01 7.591418878877780399e-03 6.241834274998779852e-01 1.986598501945915585e+00 1.681899400844577563e+00 6.320199372810966221e-01 3.806984574014961265e+00 1.014248612129030613e+00 1.799843037471380525e+00 7.276578011957639536e-01 6.384157799464352800e-01 7.522568825509610235e+01 5.815817579212265542e+01 1.979419119139212313e+01 1.818297473671785625e+00 6.258024744086025937e-01 9.112411068260865221e+00 2.504473666722891068e+00 3.882168677571325052e-06 1.793973142811170929e+00 6.893025728359973847e-01 9.276931871882035940e-01 4.155787512890268820e-01
6.614303358252753284e-01 4.474717694557392954e-03 5.538469203124586349e-01 1.764722104579586892e+00 2.902928008228859436e-01 3.287468091959218963e+00 8.044260774463523056e-01 8.407829284408934178e-01 1.466940447793822822e+00 1.382735169501481787e+00 2.593026686608183251e+00 9.327658686964690560e+01 6.957183606322703895e+01 1.857743407421043358e+01 1.557425114871629823e+00 1.516931974791660975e+00 6.791725098788043979e+00 2.722773345530632660e+00 4.753702408966070891e-06 1.730908627088436846e+00 9.431847327549720550e-01 1.075535364421602802e+00 5.988436840787543236e-01
7.226286410727900122e-01 4.055848650940428214e-03 9.226942539351435935e-01 2.390869169669165295e-01 3.325240138291736258e+00 7.341397422793958238e-01 2.427133095074604618e+00 7.744583096122578114e-01 6.338500388588308443e-01 1.264368618196511029e+00 7.813782194340327614e+00 6.582883351042666220e+01 2.995420517673185046e+01 3.876515589644382942e+01 1.800229470809148191e+00 1.284419259924059586e+00 1.650149297610762567e+00 1.644260828999147162e+00 1.051815325472285833e-05 1.866782634357604165e+00 1.432185245712244814e+00 9.519346415341218837e-01 6.474398030597748877e-01
5.764471703127520552e-01 7.719659514975310034e-03 3.965388312943428639e-01 1.472355922290949248e+00 3.072275328349100665e+00 3.988800946698337402e+00 1.289874489127704305e+00 1.424627986192545492e+00 9.097989959232233304e-01 1.720514229719413590e+00 4.320001597199695453e+00 5.625372209539267487e+01 9.536859616882104262e+01 1.617661801769410701e+01 1.507855617131951931e+00 7.888700194969120449e-01 3.939245712860183879e+00 3.402039067136525485e+00 2.749054075573266506e-05 1.018213571578486132e+00 1.947562574316720418e+00 5.149923314759279336e-01 6.191024269573148775e-01
3.042326165547193928e-01 6.740690889396583861e-03 2.081454477605861331e-01 1.146414334792285272e+00 1.412097722042746417e+00 1.863079037605739785e+00 3.019516240660005124e+00 1.192034476459075787e+00 1.723841750839837594e+00 1.573511143768680398e+00 5.546655999218717881e+00 9.033177407164731676e+01 9.061861067281739679e+01 2.967158586599846259e+01 1.564535070305449693e+00 1.035435633081963180e+00 9.359466222975749261e+00 6.336697906968093985e-01 1.885005905580639524e-05 1.489321807067712111e+00 1.708570281674480329e+00 8.766763821359386810e-01 7.941402775107825329e-01
7.014770445941598265e-01 7.321712977493470033e-03 1.006385060657396302e+00 1.058799922861051179e+00 2.015505620781136376e+00 7.827864540457435405e-01 2.619754552377168810e+00 8.551771280181278412e-01 1.379287325592840618e+00 1.545556700008144713e+00 7.399276088603309987e+00 4.649827925003236828e+01 2.886813348218370834e+01 2.675036123987154468e+01 2.968187708788040613e+00 8.474310360931196495e-01 3.215767531853889416e+00 2.612252645600541712e+00 2.523468319411627285e-05 1.103691111162359295e+00 1.799199917277482852e+00 5.952443469417750821e-01 5.954900437259231794e-01
2.443525902476566536e-01 2.495692115195447241e-03 1.362265924072532663e-01 1.566456638564194925e+00 2.206104588709875358e+00 2.634268470977719989e+00 2.721264133133546981e+00 1.267689564025686000e+00 1.312604382971690464e+00 1.612911217209435533e+00 2.404454271865332782e+00 7.345835444880570719e+01 5.876022526552444702e+01 3.589607213387910178e+01 7.612213687410086527e-01 1.089554323025914373e+00 4.671523168916369428e+00 3.207346003423733549e+00 1.544852515493530560e-06 1.119319972585794742e+00 5.237126576017921975e-01 1.011289318691535488e+00 4.064977446917579784e-01
7.769940051894022037e-01 2.396407375847097560e-04 2.566502925109965250e-01 1.352880745745269397e+00 4.332389117152091629e+00 1.618066987882064600e+00 2.394871902092422733e+00 1.395935688512094375e+00 7.017718380762583141e-01 1.049333713104761312e+00 7.454166124993456322e+00 4.873366935929654886e+01 7.991454227295388080e+01 3.367750818390609879e+01 2.769546201713667166e+00 1.634394921806413103e+00 7.341412453677222061e+00 3.570585364863623212e+00 8.800510558646789522e-06 1.965156933933366101e+00 7.225109571631784799e-01 9.050878456146455031e-01 7.854360115981913193e-01
2.948100670520559796e-01 1.440524271904565154e-03 1.633126588077122299e-01 1.116589007783584719e+00 3.892838177491459994e+00 1.193623202988253640e+00 3.654916783785287837e+00 1.044359808115787658e+00 1.287172490972002814e+00 1.747102130205032022e+00 3.424044599915725851e+00 3.288402598315058611e+01 5.408813331955722958e+01 4.062177670977054333e+01 2.140520386381050244e+00 9.513436773832575355e-01 4.827033918744556118e+00 3.142001640444352262e+00 2.868629955927491374e-05 6.821740060952701246e-01 1.731464502510267067e+00 1.190916799870411769e+00 5.928674034473393473e-01
7.093991948199038777e-01 8.873852391812465934e-03 9.008333637768543012e-01 8.932401629326103265e-01 1.473263055406134336e+00 1.441731915458307478e+00 2.991429979240948445e+00 6.603547728970604602e-01 9.176903641690974389e-01 8.492684422445784254e-01 5.950239870683319943e+00 4.913223724197533215e+01 8.677672940248805844e+01 2.865751609502310515e+01 1.438538766139854541e+00 1.385400078209107599e+00 5.684815106705829457e-01 3.503591164023880822e+00 1.274078599837405767e-05 7.651857682934641858e-01 6.327337301566410277e-01 9.320909044085762263e-01 6.186290609169498023e-01
7.792600254614598931e-01 7.396254875066017587e-03 1.471405652532484787e-01 1.607804963760096850e+00 8.386383253193563370e-01 3.026069681958497348e+00 1.144867356354937638e+00 9.533204005970226103e-01 5.707826305906917863e-01 1.856700298614489375e+00 3.239070594873111553e+00 5.413246282539340370e+01 6.611453512669537247e+01 3.911537419598553811e+01 1.144527084658315763e+00 1.396368305457537540e+00 2.312976601486398831e+00 3.850159115459208525e+00 1.864981856465859410e-06 1.217209706426164217e+00 5.177228643512589157e-01 6.325448187185851445e-01 7.709258696649001763e-01
2.322544168683018107e-01 8.632848265154133283e-03 6.176744692916428248e-01 7.855380932388984494e-01 2.321249453579926403e+00 2.561996949105212362e+00 1.562959914858573995e+00 8.324850884564845011e-01 1.658668607699453457e+00 1.650802619573536578e+00 4.546969233059753535e+00 2.500121985327353613e+01 8.295955353514261787e+01 3.155185620650472345e+01 2.924790384394388987e+00 1.666451209542271883e+00 1.699649656947772147e+00 3.215946878587234270e+00 1.543388994947655557e-05 1.582213169568154720e+00 1.583079453657217917e+00 1.127952324806490880e+00 4.940799109467933214e-01
4.572978574640755856e-01 8.090759887158247357e-03 7.181547141108914900e-01 1.231327449196888857e+00 3.602608756129688228e-01 2.304133975732101103e+00 2.512878499273600852e+00 1.379959063735413105e+00 1.299925872085980094e+00 9.378310940800934636e-01 6.760283925681600081e+00 9.569102032518684098e+01 5.094816289246534780e+01 1.881639009409709828e+01 6.748347556366600664e-01 6.020100502463068270e-01 3.057383567735233232e+00 2.150362201321134314e+00 9.269969618939432259e-06 1.556395942517883491e+00 1.413403573578475569e+00 9.910514674053949591e-01 4.701622832148154574e-01
7.305463788027173333e-01 8.777154504798637472e-03 1.272537798983824020e+00 1.714607748113212482e+00 2.493245070171781208e+00 3.518280716353525239e+00 3.299176995687203462e+00 1.321029176528784710e+00 8.877062569153870708e-01 1.874451271953665010e+00 6.584215731066371369e+00 9.546158767613243867e+01 4.265824874922482479e+01 3.888810928056417993e+01 1.034835108413016957e+00 1.477004173746653493e+00 4.679229458016764376e+00 1.433177144206155162e+00 2.685625260789458832e-05 1.675606654474404600e+00 1.241082044712343624e+00 6.538234714270945158e-01 7.478806729392978303e-01
8.197317968273756250e-01 8.957272909329502819e-03 2.991570496785440625e-01 4.239571774632231449e-01 3.306024630245996576e+00 1.558334304543120608e+00 3.157485671868896393e+00 8.213184185825650463e-01 7.205396163729530512e-01 1.869218830617441540e+00 5.161155794322385582e+00 6.309334026696441100e+01 9.630579625602491944e+01 2.389664869696622773e+01 2.898830507695065339e+00 1.583936919381832453e+00 2.004538928956935528e+00 3.167741375367265633e+00 5.677468065369732368e-06 1.995945043000995733e+00 1.374331824532487811e+00 1.065974559976899938e+00 7.782696431750556476e-01
6.278622495753510835e-01 2.634581256211513366e-03 4.113108553714002191e-01 1.294188504908733162e+00 1.949279831004442631e-01 7.247624329087281048e-01 1.607047334370509173e+00 1.417073874530326183e+00 1.016657697659045123e+00 6.579895108154210082e-01 6.281222490231832545e+00 3.130767413429744295e+01 6.095453710207562636e+01 2.219413276776345967e+01 2.344997239890305174e+00 1.344921423790657933e+00 5.069909576868993462e+00 4.900810964022806360e+00 4.527378823769138948e-06 1.142208650322309449e+00 7.957948933054969087e-01 9.132996930505306032e-01 5.465517434891608017e-01
7.707004751928161479e-01 3.236618110186156774e-03 1.786821095261106607e-01 3.417597701766991181e-01 1.723741405365540436e+00 1.103146930322111308e+00 3.062771416399665103e+00 1.272223997541131579e+00 1.172900800803109878e+00 1.137632337401752958e+00 3.681292783228177434e+00 8.699625097879534508e+01 8.343131590545822007e+01 2.774953205960396119e+01 5.000643030645446352e-01 1.445068055312902722e+00 6.513136899764797150e+00 1.930532816537752661e+00 1.300586433861890694e-05 1.915309421245848576e+00 1.011245630814705532e+00 9.220470970352804274e-01 4.728632610601989916e-01
