0 V_SCALE_BC_RAD_NI V_SCALE_DU_RAD_NI V_SCALE_DRYDEP_ACC V_SCALE_DRYDEP_AIT V_SCALE_DRYDEP_COA V_SCALE_EMI_BB V_SCALE_EMI_BF V_SCALE_EMI_ANTH_SO2 V_SCALE_EMI_DUST V_SCALE_SO2_REACTIONS V_SCALE_EMI_SSA V_SCALE_EMI_CMR_BB V_SCALE_EMI_CMR_BF V_SCALE_EMI_CMR_FF V_SCALE_EMI_DMS V_SCALE_EMI_FF V_SCALE_NUC_FT V_SCALE_SO4_COATING V_SCALE_PH_PERT V_SCALE_WETDEP_BC V_SCALE_WETDEP_IC V_SCALE_KAPPA_SS V_SCALE_KAPPA_SO4 V_SCALE_CDNC_MIN V_SCALE_VERTICAL_VELOCITY INSTALL START END
PPE_ENS_1 0.5716076 3.1534689e-03 7.1239331 1.7664107 3.5917114 2.7840133 1.5660012 0.9496797 1.9220501 1.4893859 1.5989662 0.6741570 2.0605147 0.9746404 2.4072141 0.7159481 8.9891607 1.9290448 2.5131763e-05 1.2461750 0.8517808 0.6002217 0.4717469 10.3193285 1.2287779 1 1 0
PPE_ENS_2 0.8784011 6.2034089e-03 5.3130414 1.7817183 4.6770722 1.9385971 0.3165078 1.0196631 0.5267797 1.7016046 0.9567724 1.0583378 2.5536568 0.7534495 1.2854657 1.6161104 5.6535942 1.8632846 1.9402431e-05 0.6831889 1.1506166 0.8408123 0.4542108 2.3108982 1.7747844 1 1 0
PPE_ENS_3 0.6237245 5.2235009e-03 3.1997717 1.4733116 4.8300128 3.4966267 2.2268776 1.3308798 1.1717243 0.7507936 2.0122491 1.1408569 2.4824695 1.4799608 0.5573946 1.5094174 1.7710773 3.8185593 2.4952092e-05 1.0434697 0.7855590 1.1644685 0.4747811 6.1201595 0.5100689 1 1 0
PPE_ENS_4 0.3170528 1.9509450e-03 9.2426653 0.7592254 2.4531724 0.3859641 0.6948065 0.7047807 1.8919423 0.8165250 1.8177901 0.5098524 2.4990849 0.5046617 1.5588850 1.4129965 3.5254174 4.0962756 1.8364835e-05 1.1906969 0.9424112 1.1238078 0.4422077 4.6507292 1.5821000 1 1 0
PPE_ENS_5 0.4072792 8.2315402e-03 2.9810291 1.5945593 3.7553319 2.2259934 1.5333876 1.1276417 1.2938649 1.8026377 1.5022564 1.1011976 1.2861819 1.2001655 2.2021169 1.9688733 6.7865905 4.6986690 2.9073884e-05 0.8960046 1.2025644 0.8826901 0.6670948 24.7523528 1.6079767 1 1 0
PPE_ENS_6 0.4532028 9.8771243e-03 8.2320351 1.0260395 0.2044707 3.6339269 2.1581100 1.3452411 1.0428593 1.1522713 2.1059132 0.6189630 1.9498741 0.9683977 0.6488599 1.7668479 6.5304875 1.4259392 1.6663677e-05 0.5427832 0.9276358 0.5904128 0.5063840 33.4333558 1.1594972 1 1 0
PPE_ENS_7 0.6409397 2.1778251e-03 2.8929794 1.7841866 0.8689276 3.6688551 1.8790260 0.6863688 0.6124921 1.3623742 1.0505966 0.5298083 2.2622302 0.5915985 1.5546939 1.9706933 9.4353140 2.4496525 1.7864390e-05 1.5231804 1.1462584 0.7608971 0.7497503 22.2537512 1.7066416 1 1 0
PPE_ENS_8 0.5684760 6.1104782e-03 3.1148249 1.0904777 2.8291349 2.9106406 3.0120954 1.3007973 1.4032730 0.9722292 2.4038637 1.0008132 3.1140532 1.1239404 2.2701984 1.9879287 2.0013307 3.4245716 1.2294728e-05 0.5288799 0.9541543 0.9708151 0.4976362 26.1009456 1.7272185 1 1 0
PPE_ENS_9 0.4418272 8.1063124e-04 3.2990224 1.5747091 4.4975478 1.4358804 3.4414064 1.1630079 0.5815223 0.9524745 0.5362826 1.1726003 3.2242679 1.2482504 2.9734451 1.3314087 9.0685576 2.8157997 2.3158662e-05 1.1690044 0.8351404 0.8299411 0.7983245 7.1973166 1.2803669 1 1 0
PPE_ENS_10 0.4052063 2.5455135e-03 6.7797163 0.9438908 1.5728183 0.7867849 0.3938899 1.2198301 1.8736670 1.2069553 1.0730144 1.2188500 2.3242140 1.3304650 1.7623780 1.0949544 2.5565468 0.7881125 2.2405557e-05 1.6040034 1.0830382 0.9781253 0.7699871 30.4250817 0.5571152 1 1 0
PPE_ENS_11 0.7155276 2.3636364e-03 0.5871024 1.1359527 2.1536958 2.9917780 2.5648428 1.1891928 0.5390324 0.9457179 0.6457566 0.6409270 1.3061946 1.3840534 2.1428182 1.7596850 1.4565896 0.7345299 1.6349448e-05 1.8416237 0.9875902 0.7269599 0.6195508 1.2575299 1.5886018 1 0 0
PPE_ENS_12 0.6647709 7.2813732e-03 9.5114602 1.1115640 2.8978170 3.0271130 1.0713970 1.2380613 1.0343273 1.2627481 1.9428271 0.9825840 2.9014542 1.3753378 2.9972783 1.9223505 1.0034736 2.5657963 3.5476052e-06 0.6098018 0.8070189 0.7116723 0.6367873 14.7386186 0.9185020 1 0 0
PPE_ENS_13 0.8697580 4.2641016e-03 3.8197709 1.3800855 0.2772080 3.6543918 3.7509668 0.6344177 0.8934853 1.5842833 1.6225629 0.8309966 3.3138054 0.9883591 2.0252078 0.5588215 0.5820872 2.1637877 1.3281431e-05 1.7858285 0.9051890 1.1661257 0.5926354 24.3979210 1.7917109 1 0 0
PPE_ENS_14 0.2000323 7.3038939e-04 3.6136667 1.5032207 4.1999808 2.8013807 3.4743944 0.8282356 0.5539105 1.0842459 1.8615263 0.7628345 1.0300431 1.0956401 2.4159110 0.8528821 8.3508974 4.8046038 2.4192890e-05 0.7808038 1.1077957 0.6293086 0.7588873 27.7779580 1.6296852 1 0 0
PPE_ENS_15 0.7580446 1.0774245e-03 4.6938970 0.8397762 2.0007232 1.3460346 2.1234612 1.2796335 0.9755718 1.8510780 0.7180583 0.5903000 2.8781102 0.8929803 2.5480638 1.5135001 9.1271419 4.4553197 2.0961696e-05 1.1519448 0.8962303 1.0397062 0.6474472 38.0681863 0.6083472 1 0 0
PPE_ENS_16 0.5807163 3.3678377e-04 5.1821473 1.4896352 4.5797035 2.0443327 0.4073903 1.1984956 1.4441383 0.7843753 1.4992058 1.3156997 3.0732178 0.8724994 2.8185992 1.3938660 5.5110708 1.2654084 2.9919535e-05 1.0644748 1.1111691 1.0027285 0.4530048 26.8520881 0.8710742 1 0 0
PPE_ENS_17 0.7350992 1.1393884e-03 5.2480832 1.6150217 3.2241030 2.8602164 3.2255724 1.1408375 1.0566080 1.8255236 0.7853073 1.1481330 1.3683785 0.8444681 1.1282088 1.7339568 1.5029002 3.5809092 9.2208570e-06 1.4659045 1.2237087 0.9546407 0.7551153 4.9829670 0.8541470 1 0 0
PPE_ENS_18 0.6009941 9.1438280e-03 6.1905898 1.3709129 0.6654947 2.7009543 2.5031635 1.3830398 0.6263788 1.8827850 1.2643463 0.4058498 1.0397649 1.2744251 0.5348169 0.8644912 2.1981125 4.5340986 7.3879315e-06 0.6654468 1.2128112 0.9075748 0.7250994 38.7041076 1.0552320 1 0 0
PPE_ENS_19 0.3208022 8.4653374e-03 0.9949036 1.8176074 0.7316716 1.8494583 3.9755592 0.6524026 1.7322371 0.9120455 2.2168160 1.0111643 0.9192366 0.5502756 2.9676824 0.5851539 4.4003791 4.9275740 3.7263848e-06 0.6035842 0.8667886 0.5566557 0.5128246 23.6018554 1.7802082 1 0 0
PPE_ENS_20 0.7400604 3.4525158e-03 7.3454812 0.3459454 2.3943703 2.2981781 3.0867527 1.0833449 0.7437037 1.8683541 0.6319863 1.2584654 0.8908538 1.4943258 2.1867674 1.5954493 6.9406748 3.8766580 9.4660104e-06 1.1594260 1.1875703 0.5792049 0.5759401 3.7310260 1.5542973 1 0 0
PPE_ENS_21 0.2810798 5.9865225e-03 7.6665830 0.7789957 1.1953888 1.5808896 1.4704885 1.3819221 1.3337838 0.7966716 1.2230335 1.3323968 1.7549763 1.0832653 2.8664906 1.3113854 0.7967838 4.8404956 3.9622366e-06 1.6631714 0.9440627 1.0369932 0.5267838 30.1614188 1.0660588 1 0 0
PPE_ENS_22 0.7559761 5.5014100e-03 9.5020613 1.3571735 4.7792582 2.5675153 0.5254814 1.2644369 1.8716454 1.0678503 1.3641103 0.9491031 3.1614824 0.5248421 2.0764829 1.3349624 0.1471375 1.8812605 1.6806159e-05 1.4040274 0.9814637 1.0977828 0.5286334 32.7685550 1.9783436 1 0 0
PPE_ENS_23 0.5200170 5.1579961e-03 5.6731051 1.6791055 2.2038379 2.0510394 3.2823423 0.7844016 0.8716469 1.7855087 1.5526955 1.0711343 2.0183512 1.4474489 2.5730026 0.6706616 4.7443476 2.6135786 1.0294632e-05 1.9238427 1.0132002 0.5638911 0.6688958 6.4118862 1.2462225 1 0 0
PPE_ENS_24 0.6066496 3.5432303e-03 5.8093523 0.4552961 3.1885419 1.2334443 1.9042039 1.2116373 0.9809576 0.7204181 1.5484870 0.4127451 1.6927806 0.5845279 2.1659677 0.9365334 0.7454178 1.6540186 1.9983160e-06 1.4794086 0.9135225 0.8721335 0.7921146 11.2504155 1.3470605 1 0 0
PPE_ENS_25 0.6544549 6.3767032e-04 7.3048214 1.2778860 3.4527285 1.5279867 1.1250948 0.7718758 0.5326452 0.8695073 1.2771478 0.9596454 1.0455277 1.1345638 0.7484943 1.1000897 1.8419379 4.7874054 2.3214612e-05 1.9898170 0.9393189 1.0181247 0.7644402 39.4808472 1.4320598 1 0 0
PPE_ENS_26 0.6420957 6.6694001e-04 2.1832386 1.3220471 3.4351353 1.4623563 2.2495516 0.6637570 1.5307137 1.3757794 1.7020749 1.0179120 1.8943481 0.7640269 0.5938014 0.9183465 4.0159311 1.6042248 3.0498251e-05 1.8297811 0.9742909 0.5508874 0.6588622 33.1882338 0.6187065 1 0 0
PPE_ENS_27 0.5133328 5.6559511e-04 0.6650354 0.2059722 0.3497671 1.8872439 2.1821817 1.4977723 1.6404282 0.6732520 1.7417621 0.7332086 3.3287005 1.1612542 1.4429603 1.1897141 7.7958076 1.6982594 2.5809822e-05 1.7613757 1.2169196 0.5449496 0.6948145 11.6181836 1.9064593 1 0 0
PPE_ENS_28 0.2924620 9.7207792e-03 3.1388814 1.9499528 0.1634416 0.4622564 1.2899357 0.9003340 1.1454333 1.8327629 2.0552205 0.7822642 2.8611573 1.2779876 0.8720721 0.5802299 8.4891341 3.6015764 1.9532300e-05 1.6232789 0.8797293 0.8605082 0.5212632 5.9066915 1.6720088 1 0 0
PPE_ENS_29 0.6273745 1.3420541e-03 1.9077026 1.5255743 1.0083262 2.4451460 1.6659110 0.6547252 1.2112708 1.5125099 2.0308302 0.9387145 1.7872471 0.9967085 2.5600439 1.1175563 2.0822934 3.3980404 2.5928127e-05 1.2872957 0.8131321 1.0991416 0.5655291 33.7709820 0.8231071 1 0 0
PPE_ENS_30 0.6056703 5.1061265e-03 5.3830592 1.9949763 0.5159078 3.0443225 0.8121883 0.6611262 0.5998522 1.7777468 1.0165642 1.0048840 2.0436605 0.9493558 1.3947259 1.8943067 8.4155221 4.4724247 6.2351515e-06 1.6368459 0.7955271 0.5758856 0.6295435 37.6202327 1.3897262 1 0 0
PPE_ENS_31 0.5857174 8.1413737e-03 2.0687969 1.7248315 2.1740232 3.9155028 1.9266368 0.6401318 1.4103575 1.7664000 1.0450205 0.5798466 0.9443262 0.9506977 2.9299065 0.5465116 0.2165354 1.6774606 2.8055794e-06 0.9592740 1.1324133 0.8958730 0.5626296 15.6001299 1.9258218 1 0 0
PPE_ENS_32 0.5490666 7.1119068e-03 7.9002284 0.7719638 4.9927198 3.6895330 3.5476666 1.3205361 1.8455882 1.1638711 2.1118417 0.8208023 2.8411817 1.0517171 2.4516303 1.6202475 1.8959303 3.6926599 6.8899414e-06 1.4186229 1.0279741 0.5809882 0.5842725 36.9851529 0.9123019 1 0 0
PPE_ENS_33 0.5987191 2.5817106e-03 1.1764858 0.5465633 1.4061085 2.3154878 2.9295492 1.1688228 0.6648543 1.3070350 1.9961141 1.2341355 1.7796562 0.7852600 2.1166024 1.2392601 5.8370216 2.9018395 1.2442672e-06 0.9974257 1.0367712 0.8655230 0.5908018 2.9271295 0.6931853 1 0 0
PPE_ENS_34 0.3847835 5.8752524e-05 6.1700004 1.3502156 1.4332861 3.4009690 1.3755081 1.1613261 0.7601388 1.8939366 1.6453860 0.8100002 2.0075585 1.3060818 2.6427296 1.3719166 2.2765059 3.2093857 2.6183357e-05 1.2952829 1.0246378 1.0537188 0.7724867 33.0035055 0.8801353 1 0 0
PPE_ENS_35 0.5885483 7.5833700e-03 5.5366974 1.7319691 2.6175354 3.3095582 3.2491356 1.2010542 0.8251106 1.5690597 1.1343860 0.4626394 1.1282842 0.7978213 2.2467166 0.9023015 9.7713405 4.9817872 4.1053009e-06 1.7327714 0.9107564 1.0949323 0.5951649 2.0629440 0.5876461 1 0 0
PPE_ENS_36 0.4671349 9.3023343e-03 7.5837612 0.8008060 1.8391705 3.1426377 1.2157363 1.0041826 0.8450781 0.5503207 1.5811518 1.0951857 2.1937975 0.9913439 2.4753483 0.8481141 6.7118248 1.5661424 1.4002561e-05 1.2362252 1.1921141 0.7493433 0.4148484 36.5952028 1.0076600 1 0 0
PPE_ENS_37 0.3975249 6.7754515e-03 7.5682045 0.5866931 3.4874772 1.9294855 3.6641944 0.6017502 0.6126186 0.8359103 1.1441843 0.7098119 2.1249645 1.2072112 1.6175950 0.9690215 7.6152252 2.7770131 2.7095985e-05 1.0555009 1.0042996 1.0508046 0.5184085 35.5508931 1.7305686 1 0 0
PPE_ENS_38 0.4817536 5.4704100e-04 3.3422135 0.7162583 1.7526995 1.0382088 3.2955374 0.9938605 1.4694170 1.6065967 2.3730782 0.6899057 1.0131832 0.8082280 2.8465346 1.6683186 9.4736106 0.4739583 1.5734828e-05 1.6112646 0.8014960 0.5694807 0.6346158 38.6052787 0.8303355 1 0 0
PPE_ENS_39 0.5545632 1.7179918e-03 3.6920673 1.1541764 1.3231250 3.8215924 2.9044422 1.2859539 1.3554985 0.8773075 1.9676104 0.7459064 1.6120294 0.9844381 2.6558954 1.6754377 2.8244894 4.0148142 4.7940324e-06 1.7474221 0.7615870 0.9589230 0.6503787 5.4805993 1.1633315 1 0 0
PPE_ENS_40 0.8411015 8.7617767e-03 8.5298553 0.3391919 4.8693682 3.9520697 2.0813735 0.9455165 1.6132326 1.6768037 1.7113851 0.5598292 1.0077047 1.3599238 2.7383887 1.2081481 5.3536787 2.9324224 8.6128401e-06 1.7706404 0.7693475 0.6151573 0.7431091 19.4560764 0.6514153 1 0 0
PPE_ENS_41 0.7093235 8.7205126e-03 1.4486644 0.2775701 2.0804521 3.5282815 2.3503527 0.7357712 1.9530604 1.1894702 1.9727702 1.1769810 2.4040503 0.5960229 1.8306537 0.5352006 7.9820939 4.5249600 2.6905117e-05 0.8187629 0.9349307 0.5709164 0.4409783 18.5535687 1.7993697 1 0 0
PPE_ENS_42 0.7863078 2.2411599e-04 8.9409561 0.6731128 2.2954993 1.7436876 1.0779628 1.2531660 1.5622706 1.9392514 2.3198805 0.7556961 2.4366786 1.0227805 2.6311966 1.1964827 5.6992621 2.6578105 2.9557075e-05 0.8473587 1.1703433 0.8252007 0.5417287 25.0255814 1.6179010 1 0 0
PPE_ENS_43 0.6740573 3.7260971e-03 5.6069046 0.4809690 3.8257719 2.0076554 0.6421292 1.4902396 0.5469574 0.6071836 1.4347128 1.1080176 1.3520489 0.8124612 0.9254887 1.6791054 8.3739872 3.2785546 4.4332116e-06 1.4825274 0.8215862 0.5609471 0.5610292 23.0977972 0.5342453 1 0 0
PPE_ENS_44 0.7191923 7.3676968e-03 2.7390046 1.9170722 4.9486146 0.8958249 1.3387206 0.8002733 0.8306664 1.4215059 2.3821776 0.8614748 3.1423417 0.6028247 1.0816322 1.8200380 6.8296786 2.7387067 2.0713173e-05 0.7737639 0.7668107 0.8792446 0.5494166 15.0912037 0.8156235 1 0 0
PPE_ENS_45 0.8173632 6.8722249e-03 4.9541224 1.0575909 3.8769304 1.5123295 2.9943453 1.0432558 0.9131840 1.5545811 0.5770624 1.2796432 1.6436029 0.7237901 2.1552747 1.7967853 9.3934323 2.2524998 7.9262387e-06 0.8525720 1.0300115 0.6396069 0.4205169 30.6592058 1.2114534 1 0 0
PPE_ENS_46 0.2842277 5.5817437e-03 4.7647932 0.6654085 1.7271019 1.0937423 0.5513701 0.7757113 0.5686643 1.9224386 2.2319725 0.9331288 2.6656397 1.3004647 2.5323958 1.1458377 5.1767838 2.0465550 1.9606324e-05 0.7879930 1.0990194 1.0169902 0.6454821 16.3913431 0.5807922 1 0 0
PPE_ENS_47 0.4835670 5.0786597e-03 6.9426043 1.1767948 3.4077750 3.0906352 1.2263313 1.4778786 1.0180733 1.9862412 1.7345348 0.8480776 1.6504859 1.3648566 2.8757928 1.3796751 3.2525906 3.6296397 2.4665413e-05 1.1639406 0.9639236 0.6927721 0.5802192 13.1493725 0.7176635 1 0 0
PPE_ENS_48 0.2718805 4.2128005e-03 2.4839430 1.3945498 3.0735066 1.1296500 3.3635884 0.9582100 1.4657172 0.8059412 1.7746909 0.5677540 2.7503219 1.1807323 2.6252585 0.9581772 0.6935550 4.0071003 1.5450854e-05 0.5785060 1.2378444 1.1420282 0.7059008 8.0633162 1.1934408 1 0 0
PPE_ENS_49 0.5613886 3.3761482e-03 1.8779857 1.3360442 4.3982637 2.9767425 1.0507378 1.4186973 1.9320152 1.0733818 1.4241431 0.4256206 1.3256841 1.4955599 1.7099868 1.0234404 0.4061025 3.2554262 2.9600809e-05 0.6177463 0.8539700 0.9813007 0.6568633 22.8534771 0.9442623 1 0 0
PPE_ENS_50 0.5324959 2.7752435e-03 0.6041201 0.5731074 0.7527811 2.9348502 3.6491342 1.4759591 1.6040204 0.6615162 2.3525690 1.2939375 1.9928157 0.9212491 2.4854903 1.2594764 2.7020585 4.7576826 2.7307280e-05 1.3844632 1.0214606 0.5357096 0.4660865 16.5536023 1.4198812 1 0 0
PPE_ENS_51 0.5370605 7.0754343e-03 4.2517580 1.4523008 2.2341400 2.7356422 1.7119719 0.9082553 1.3445462 0.8598341 1.2536724 0.3737853 1.5187815 1.4646139 2.9114051 1.2546283 0.4845882 2.2075015 3.0253586e-05 0.5310539 1.2340334 0.8446636 0.4465603 13.9423516 1.2158750 1 0 0
PPE_ENS_52 0.2379116 8.9854778e-03 1.3584938 0.7023400 2.2826375 0.3245467 1.7208949 1.0075828 0.7481376 1.6547131 2.0284539 0.4521146 3.2406810 0.8843833 1.1783813 0.6087747 9.2122771 4.8704992 2.5476753e-05 1.3337814 1.1146585 0.8155511 0.4370234 15.3351706 1.7487257 1 0 0
PPE_ENS_53 0.2991666 9.5614901e-03 6.3103223 1.6235607 2.7818837 3.9362832 3.2003116 1.0797622 1.4793406 1.0400096 2.4766895 0.3367079 2.7905611 1.3108860 0.8959195 1.5311219 9.8197793 4.3847301 1.0206048e-05 1.5984095 1.0078818 1.1894097 0.4892164 34.5018742 1.1458648 1 0 0
PPE_ENS_54 0.5251730 3.1313009e-03 1.1102288 1.2973069 3.0279696 0.8650023 0.9301538 0.6235946 1.0864916 0.5974008 1.1061630 1.1831203 3.3046875 0.7492954 1.3160172 1.8660946 5.4858957 1.2628091 2.4377990e-05 1.0736939 1.0665205 1.1189310 0.7944373 39.7899860 0.9040535 1 0 0
PPE_ENS_55 0.2244400 2.6182228e-03 7.1439687 1.7576762 1.6836588 2.2410174 3.9494234 1.0514355 0.6812860 1.0888469 1.3911127 1.1973341 1.9683002 1.3860124 1.1070867 1.0388619 3.7189033 3.3388326 1.7912388e-05 0.8071945 0.9782417 0.6598478 0.6255000 10.5590406 0.6697796 1 0 0
PPE_ENS_56 0.3376340 1.7584893e-04 9.7602238 0.5512657 2.9799116 0.6370675 2.2014535 1.3946675 0.5107332 0.8121193 1.3107815 0.4631029 1.5032549 1.4092116 1.8210463 0.8800847 7.1305888 3.6836899 2.4773128e-05 1.9371913 0.8885029 0.9384132 0.7709592 5.5521619 1.5795345 1 0 0
PPE_ENS_57 0.5101058 5.8858060e-03 7.8563796 0.7120158 2.0459530 2.9647433 2.5559447 0.8827460 1.9610306 1.6006122 1.3258398 1.0916920 2.7130732 0.5674270 0.8780487 1.8340645 0.9582307 4.1466756 4.6454574e-06 1.5743300 1.0340471 0.9207722 0.6526735 10.4197899 0.9278158 1 0 0
PPE_ENS_58 0.8049963 6.3333674e-03 3.4025235 1.5113589 0.9087586 2.3869289 2.4871767 0.6712179 0.8569661 1.8130407 1.3806726 0.4775832 0.8582137 0.8680707 1.6954140 1.8450534 4.2418096 1.3216771 1.8800768e-05 1.8248954 0.8335244 0.7063512 0.5825010 5.7208994 0.6404199 1 0 0
PPE_ENS_59 0.6767135 2.0434976e-03 1.7231537 1.9017611 0.5517578 2.2099468 3.7357804 1.0321421 0.8159996 0.7628732 1.8063017 0.9572078 1.1160043 1.1352846 2.2580076 1.1976557 9.0181816 2.0718287 2.6698126e-06 1.1056145 1.1609697 0.9188723 0.4811035 14.9365367 1.9354022 1 0 0
PPE_ENS_60 0.2738487 1.0180291e-03 2.0993251 1.0139226 2.8486175 2.4317652 0.3461518 0.6977709 1.5364733 1.5595918 2.3444796 1.1267143 2.3102046 1.2542253 0.4704313 1.2322714 3.3286248 0.5722484 2.3939140e-05 0.7304297 0.7995757 0.7829193 0.7153317 32.1895730 0.8078265 1 0 0
PPE_ENS_61 0.4388650 2.8467498e-03 8.8885028 0.4109451 0.4545175 0.5233612 2.4805488 1.2684376 1.9714424 1.4630658 0.5567659 0.9256210 3.0168669 1.3721771 0.9835673 0.9342971 8.1313078 3.9810337 1.0738224e-05 0.8254008 0.7527496 0.5150473 0.7186592 31.2983464 1.5184347 1 0 0
PPE_ENS_62 0.5075611 7.9850898e-03 4.0258587 0.9744401 1.0925767 1.9748268 3.1783361 0.7702258 1.1307736 1.9285403 0.5196139 0.8640329 1.2226075 1.0069270 1.6508104 1.6450094 4.7039170 3.8258142 1.8051227e-06 0.7327652 0.9986644 0.8854851 0.6205460 20.1251656 0.8951971 1 0 0
PPE_ENS_63 0.7035995 3.8122115e-03 7.8059003 0.3090775 3.9808614 3.8393096 3.9375557 1.4459853 0.7755635 1.6827445 2.0933182 0.8918033 2.2424386 0.5463553 0.3972893 1.4757197 0.8099042 2.3345749 5.8162554e-06 0.6644594 0.7507858 0.6476661 0.6898758 35.1240146 1.3802054 1 0 0
PPE_ENS_64 0.5180774 6.9567897e-03 4.8061760 1.0044880 1.3755760 1.8192336 2.0517726 0.7504209 0.6527122 0.5826693 0.5443253 0.5980290 2.6498116 0.6535030 1.0285183 1.4236249 9.6236981 0.9225032 3.0071322e-05 1.8987865 0.9622777 1.1142331 0.7416623 8.8836634 1.8127995 1 0 0
PPE_ENS_65 0.2149286 4.1438745e-03 4.5691341 0.6091611 1.6420079 2.8549710 1.4672941 1.0381796 1.7860980 1.4822404 2.3010857 0.9772163 2.5746760 0.7808267 2.5993750 1.1547842 2.5962861 4.0771622 3.0982881e-05 1.8527105 1.2287210 0.9878109 0.5335475 23.3459022 1.8551941 1 0 0
PPE_ENS_66 0.7976470 5.4143792e-03 6.5531299 0.8644052 3.9305958 0.9067999 3.8047787 0.9166384 1.7101998 1.1238211 1.0818293 1.0379030 1.9316173 0.8572379 0.3848850 1.9592670 6.6209469 1.2175866 9.4052640e-06 1.8123404 0.9210478 0.7962761 0.7846103 15.7175180 0.5200724 1 0 0
PPE_ENS_67 0.4631072 4.4786318e-03 9.5825922 0.9580649 0.1889321 2.5778549 0.2984509 1.0472596 0.6759243 0.7067340 1.6771838 1.2127202 2.6013192 1.1689959 1.9628206 1.2742306 3.0861375 2.3977553 1.3904611e-06 0.8628521 1.1364645 0.7978475 0.7079139 28.2721936 0.7838735 1 0 0
PPE_ENS_68 0.8268271 6.7003426e-03 9.1401495 1.6018467 4.4648668 3.3914799 2.3374197 1.0693223 1.7681589 0.6407659 0.7505797 0.7295468 2.5120749 0.6790604 0.7084940 1.9065969 6.3059625 1.0753392 2.7471359e-05 1.5410690 0.7902580 1.1818013 0.4449054 8.3601038 0.9686594 1 0 0
PPE_ENS_69 0.3038967 2.3174954e-03 9.9346644 0.2143642 2.4637214 3.2199641 1.1895210 0.8860523 0.7931647 1.3416732 0.7646033 0.8869120 1.5665498 0.9047335 0.8008024 1.9540636 9.2679887 1.4389771 1.0647501e-05 0.9189334 0.8906257 0.6109664 0.7873695 12.3747844 1.0365065 1 0 0
PPE_ENS_70 0.3718365 2.7115264e-04 6.1165341 0.8102098 1.1678484 0.9317590 3.9167854 0.6758486 0.8033439 1.6233669 0.6564116 0.7496405 2.7978335 1.4842969 1.0671979 1.4594672 6.0717742 3.4528035 2.2939105e-05 0.5477246 1.2194268 0.8388903 0.4322860 27.6799541 1.1988035 1 0 0
PPE_ENS_71 0.4027394 3.5564337e-03 8.8099096 1.2114870 4.3831725 3.0640528 0.6564372 1.4589596 1.8637285 0.8237400 1.1675316 1.2271216 2.2116590 0.6142886 2.0986556 0.6857626 1.2443564 4.4870629 1.3018432e-05 0.5221950 1.2107093 1.0834596 0.4854973 34.0325936 1.4640786 1 0 0
PPE_ENS_72 0.4230067 2.2900330e-03 4.3663779 0.4618563 3.6920754 2.7515147 2.8830731 0.8031813 1.3650417 1.7719889 1.8724556 0.6253614 1.1778484 1.0604864 0.4878832 1.6865752 6.4994343 4.5956006 3.0716247e-05 1.2343531 1.2357874 0.9152852 0.6842584 29.6165868 0.5712069 1 0 0
PPE_ENS_73 0.8497051 4.4432919e-03 8.5004564 1.6571638 4.4718634 3.7001029 2.3771699 1.3503986 1.9952949 0.7361143 2.4336048 0.8555709 1.5941184 0.6944125 1.6611252 1.3620963 8.1906231 4.6650987 2.1278252e-05 1.8592588 0.7598379 1.0774211 0.4359561 19.1516370 1.8806755 1 0 0
PPE_ENS_74 0.8318484 1.1713404e-03 9.3627479 0.6902328 1.0339524 1.0207398 3.4263659 1.3778435 1.3871210 0.7763657 1.4539142 1.1214883 2.3612432 1.1439584 1.5974844 1.6075784 8.6479229 0.8567331 7.5762090e-06 1.5024808 1.0441521 0.6208639 0.5382620 25.2968744 1.6414242 1 0 0
PPE_ENS_75 0.7057831 4.0574512e-03 1.7502399 1.0765187 0.4103513 1.0670058 1.6422800 0.9247000 1.6657846 1.7539023 0.6642230 0.5227366 2.3393281 0.7900196 2.2907413 1.6318824 1.7066640 3.0221551 2.1080831e-05 1.7193752 0.9952058 0.7444550 0.6728679 5.2560437 1.7601842 1 0 0
PPE_ENS_76 0.8146348 8.1874026e-03 2.6270624 0.6180567 1.7907412 0.2758534 0.7263887 0.6055984 1.5011051 1.7143357 1.2923109 0.4836116 1.8466471 0.9286499 2.7954819 0.6209263 4.1602522 3.2308165 2.8404226e-05 1.4423159 0.8296306 0.7651611 0.7024177 31.9612076 1.7098012 1 0 0
PPE_ENS_77 0.7609467 6.5553247e-03 0.8852153 0.6256230 3.1206272 2.8866955 2.8655454 1.2586412 1.0754531 1.4395419 1.8845165 0.3604395 2.1774177 1.1882503 2.3018979 0.7224506 1.3784336 2.7987477 2.6027036e-05 1.0325642 1.0938025 1.0106959 0.4796761 18.4386245 0.5602871 1 0 0
PPE_ENS_78 0.2430778 9.2507843e-03 0.1256803 1.8806616 2.5714222 1.6558802 1.9651340 0.8336493 1.8870352 0.7583732 0.6720491 0.4334931 1.5828158 1.4574930 0.9525733 1.5514297 0.1955934 2.9164497 2.5243932e-05 1.0285856 1.0788527 0.7746131 0.6608266 11.3491828 0.8458791 1 0 0
PPE_ENS_79 0.3338377 2.1449611e-03 4.0887789 1.4166012 0.5012507 2.8333667 3.3441649 1.1895540 0.9553686 1.0238087 2.2437496 0.3867512 2.1548238 1.1924869 1.7807686 0.8956780 4.9616434 3.0869766 1.3462905e-05 1.1105329 1.2302180 1.1844958 0.4499585 39.2393913 1.5020750 1 0 0
PPE_ENS_80 0.6453202 8.6275747e-03 5.1414798 1.1701527 4.0178068 2.4682610 0.2729920 0.7254944 1.9807189 1.4489011 0.9428209 0.8432916 3.0312733 1.3272402 1.9978683 1.0714740 6.8959056 3.3164913 2.2042917e-05 0.5534102 1.0971381 0.9350995 0.7605368 24.5481629 0.5412971 1 0 0
PPE_ENS_81 0.3426080 1.7590450e-03 1.2312135 0.7401090 2.7216013 2.4139546 1.4909528 1.1554166 1.3110814 1.6337484 2.4840989 0.7908088 2.9719104 1.1018202 0.9682375 1.3199836 8.2833511 3.7225445 2.2673176e-05 0.5690526 0.9193336 0.5276952 0.7224438 20.7057981 1.1226315 1 0 0
PPE_ENS_82 0.8597649 8.5154494e-03 8.6868797 0.8988815 4.1221956 1.4174275 3.7647197 1.2318789 1.3802649 0.5765333 0.8324495 0.8690102 2.5412181 1.4392100 0.8554837 1.6999058 7.8717737 2.3509558 1.1212290e-06 1.4735978 1.1850434 0.5014215 0.7111057 28.9500301 1.2557415 1 0 0
PPE_ENS_83 0.7753659 3.0744912e-03 3.4346212 0.6341277 0.4348746 1.1047244 3.3912730 1.4295285 1.9468119 1.9405836 1.6956603 0.6050131 2.0285508 0.7794364 2.5125429 1.7762822 2.7491827 3.7596750 1.4429798e-05 1.1236985 1.0723212 1.0444321 0.5571321 35.5117321 1.0791814 1 0 0
PPE_ENS_84 0.4196175 1.6346045e-03 6.8202941 0.5655250 1.1216161 3.8530600 3.8388044 1.4851214 1.9695607 1.3327774 1.6599250 0.9941946 0.8753806 1.2899633 1.0980142 1.9783278 6.3789569 4.1823195 6.9643469e-06 1.5929298 1.1583801 0.6066038 0.6980779 22.2690961 1.0853409 1 0 0
PPE_ENS_85 0.4340795 9.5361090e-03 1.5139473 0.8763285 2.3134066 0.4124613 1.7655661 1.4081322 1.1014115 0.5027406 1.7844608 0.3790147 3.2036120 0.7349632 1.2455338 1.8760517 0.6275674 4.5544454 5.9990165e-06 1.2538250 0.9658457 0.6542619 0.4272447 36.7037664 1.2928043 1 0 0
PPE_ENS_86 0.2875139 4.6366423e-03 2.3957293 0.9225755 4.6157221 3.7281119 1.8493545 1.3281058 0.7196111 1.2569512 1.1944495 0.7720191 3.0890904 0.6325205 1.5812570 1.5215239 5.3661622 3.7817024 9.9116262e-06 1.3758161 1.0810567 0.5872149 0.4565773 39.0321116 0.5453357 1 0 0
PPE_ENS_87 0.4896073 6.6522786e-03 6.5294813 1.6103496 1.9056300 1.7531600 1.7827287 0.9848505 0.5671653 0.7141400 1.7215002 0.9849126 3.2125144 1.2914561 1.4534038 0.8378032 5.2630044 4.4010258 2.3573103e-05 0.6751200 1.1448630 0.8581720 0.4259788 17.1807639 1.9947931 1 0 0
PPE_ENS_88 0.8995565 1.9206370e-03 7.4805350 0.4004190 4.5978100 1.5017216 1.4282998 1.0759858 0.5919319 1.4047864 0.5910120 0.6357114 2.2812195 1.0390045 1.9008221 1.0133193 3.2061875 1.9823606 1.9946818e-05 1.5685975 1.1544371 0.8201164 0.4303972 9.7171619 0.8878294 1 0 0
PPE_ENS_89 0.3924164 4.3233121e-03 8.1408280 1.8963261 4.5549603 2.2807935 3.3372216 1.3147834 0.9943793 1.1002581 0.6019802 1.1536743 2.5848389 0.7700587 1.5137313 0.7250830 1.9296191 4.1731307 6.4614787e-06 1.9722445 1.2002948 0.8564899 0.7775661 37.8742389 1.7203917 1 0 0
PPE_ENS_90 0.8057856 4.1981592e-03 0.3278671 1.3064917 1.9899916 1.9165026 1.3991579 0.8667196 1.1098171 1.9972451 2.2714564 1.1372158 2.7325641 1.1959956 1.4287387 0.7894078 5.1166563 1.9676602 7.2046299e-07 1.7803218 0.8309992 0.9674782 0.6628979 13.3921169 1.5472628 1 0 0
PPE_ENS_91 0.4702561 1.8905311e-03 5.4364093 0.5939325 3.9005729 1.2075369 3.3070619 1.1177823 0.7316121 1.2208461 1.1286814 0.3565102 2.2484709 1.0861721 1.2598319 1.2261992 6.1560048 4.2799545 1.9205138e-05 1.2693912 0.9454105 0.9335747 0.4878281 1.8540422 1.2708836 1 0 0
PPE_ENS_92 0.6213565 3.2393536e-03 3.5082710 1.6751165 0.9899535 2.1591105 0.6183402 0.9133482 1.1279652 0.6946765 1.3721603 0.7040408 2.7007345 0.8504077 1.6829654 0.9241427 2.6376012 1.7145771 2.1914249e-05 1.0029494 1.1644021 0.6739650 0.6707067 35.9800162 1.9566965 1 0 0
PPE_ENS_93 0.7736256 9.7653622e-03 1.0613956 1.7007624 4.7280992 1.6582051 0.4293363 1.4119294 1.2862375 1.8790454 1.1500002 1.1430913 3.2485511 1.4162717 1.0610175 1.1105637 7.2563266 0.8664728 6.6159432e-06 1.4589535 0.9874721 1.0622589 0.4001871 26.1672049 1.4681984 1 0 0
PPE_ENS_94 0.3468064 4.7721561e-03 2.4483734 1.4825905 3.6205667 2.4902043 2.8111936 0.8546541 1.2263363 0.9789676 0.5614726 0.4944783 1.4363725 0.7121801 0.3520910 0.7525625 7.3305387 4.3310325 1.5617040e-05 1.6817898 1.0467664 0.6430519 0.6168904 21.8037969 1.8696140 1 0 0
PPE_ENS_95 0.8442492 8.6598745e-03 9.6752085 1.8204089 4.9207263 0.3511752 1.1806389 0.9058796 1.4216715 1.5741887 2.3922186 0.8827080 2.5219583 0.5897092 0.9379152 1.7444566 1.1714703 0.3193888 7.6078558e-06 1.7004794 0.8621485 0.8086897 0.4124125 12.9526179 1.0284877 1 0 0
PPE_ENS_96 0.2328710 5.9365709e-03 9.7294933 1.7202591 4.5341715 2.3511978 1.9987008 0.6110827 1.1927177 1.2036306 2.1433084 0.3467798 1.4872617 0.8346952 1.3395019 1.5949765 3.4085512 1.7422635 1.4265209e-05 1.8651379 1.1423774 0.8333185 0.4235181 29.9248151 1.4463179 1 0 0
PPE_ENS_97 0.2187129 6.2572363e-03 2.2531016 1.8005690 1.2456095 1.1386295 3.0738624 1.4930252 0.9295693 1.8424638 2.1918841 0.5166544 1.4010209 0.8173141 1.8700313 1.3091004 4.8118734 4.6933447 7.2129298e-06 0.7973079 0.9315981 0.7299916 0.4902495 34.9211461 1.2951465 1 0 0
PPE_ENS_98 0.8536669 7.1534268e-03 7.0539580 0.3736482 1.8709678 2.9296307 0.8436781 1.1122886 1.5924627 1.1577969 2.0098855 0.8412949 1.6074817 1.3186222 1.9160492 1.7294713 0.9069079 4.0466558 1.9273531e-06 1.6759026 1.0066781 0.8928498 0.7093195 8.5568582 1.3213731 1 0 0
PPE_ENS_99 0.3278967 2.7343651e-03 2.1772403 1.8419578 3.4971898 2.0962629 0.5870122 1.0304238 1.1188232 1.3130452 1.2832950 1.1628223 2.0741133 0.5447650 2.0354284 0.5244506 8.7106554 2.7105561 4.1833399e-06 0.9861631 0.9160243 0.8471126 0.7384352 3.7223885 0.7071596 1 0 0
PPE_ENS_100 0.6856198 2.9664059e-03 9.8575536 0.3917806 2.7131035 1.2535502 2.1033013 0.6845638 1.3992746 1.8976845 1.8570198 0.4450292 1.5278591 0.6581114 2.6074833 1.5841678 5.5634459 4.7409904 1.9099045e-05 1.9511819 1.1845736 0.6714831 0.7531954 3.2609810 1.0167698 1 0 0
PPE_ENS_101 0.6096786 7.4549247e-03 6.8962127 1.8075215 3.6529002 1.9847832 1.8984095 1.2910151 1.6323694 1.2302346 1.0947115 0.5739999 3.0682391 1.2141680 0.7946709 1.7451932 1.0213607 4.2469295 1.6981851e-05 1.7536408 1.0154623 1.1082105 0.6397782 32.9176396 1.2227803 1 0 0
PPE_ENS_102 0.5577092 8.5659061e-03 4.7096098 1.3640997 0.5722743 3.7617062 1.5473323 0.8437312 0.8097539 1.9076028 0.8260193 0.6598577 1.2826184 1.2653552 2.8042330 1.7696299 1.7094228 1.4975174 1.0436477e-05 0.6228961 0.9088769 1.0726000 0.4760698 3.1114356 0.7655134 1 0 0
PPE_ENS_103 0.3595173 8.4012279e-03 8.5802858 1.4620501 3.2784972 0.5621173 1.3056617 1.0231025 1.3752171 1.2382113 0.8740084 0.7258054 3.1328049 1.1591681 0.6360107 1.6489744 8.8803557 1.9134882 2.0261357e-05 1.8861285 1.2251056 0.6823116 0.5421794 11.0474056 1.3680889 1 0 0
PPE_ENS_104 0.8853901 2.6729893e-03 9.2717614 1.8675439 1.5870852 0.7721635 2.0287927 0.7891560 1.2546636 1.1367875 1.3351744 1.0543041 1.6609912 0.6746244 0.3716211 0.5901493 9.1872799e-02 3.5660070 2.9838959e-06 1.9030006 1.0103076 0.9848895 0.6414592 17.4871855 1.9461891 1 0 0
PPE_ENS_105 0.6151239 4.9635856e-03 2.8444398 0.9125528 2.6748462 3.9874931 1.3313901 0.7946239 1.9869086 1.5457163 0.6973726 0.9693398 1.8216111 0.8248300 2.5035241 0.7471180 9.7304982 0.6113768 1.1963883e-05 1.9564852 0.7712671 0.5120217 0.5158702 36.4416055 0.6804920 1 0 0
PPE_ENS_106 0.4946071 3.7775911e-03 6.4740166 1.9595853 1.9388220 2.6719944 3.8623035 0.7439712 1.5787887 1.5361456 1.2042476 0.3529606 1.4266524 1.2251357 1.8475087 0.9564507 0.3540991 0.3490558 2.9424392e-05 1.5866242 0.8583341 0.6758230 0.6913872 15.8784470 1.8321177 1 0 0
PPE_ENS_107 0.2493291 7.6947184e-03 5.4684700 0.4218241 4.8419339 3.4896059 2.6899548 1.2393692 1.7556019 1.1776767 1.1836391 0.7952385 2.9990918 0.7591931 0.5151817 1.0401144 4.7960823 2.8835047 1.4824460e-05 1.6902893 0.8683119 0.9621291 0.6154295 3.3683853 0.7459012 1 0 0
PPE_ENS_108 0.7902212 4.8045650e-03 8.3019075 1.3997035 2.7630055 2.5033675 1.2567582 0.9773325 1.5514943 1.0396895 1.9570959 1.2540297 1.0950726 1.0100693 0.3652256 1.8870141 3.8994598 2.1517416 2.4569404e-05 0.7408052 1.2223528 0.9282846 0.5101295 16.6052651 1.1737789 1 0 0
PPE_ENS_109 0.7923775 8.6802964e-04 2.9557150 1.5187896 4.0973745 1.8671550 2.8426724 0.7322813 1.1525869 1.5092997 1.3433086 0.6781550 1.8791289 0.8284588 2.7633784 1.4888013 4.2651002 4.2583443 1.2778408e-05 1.5491233 0.7725034 1.0296473 0.4513810 38.3987214 1.8906155 1 0 0
PPE_ENS_110 0.8371262 9.6916351e-03 4.6435077 0.4373159 4.9756435 3.7888784 1.0949288 1.4381378 1.6249646 0.9822248 1.0263142 0.5844945 1.2596733 0.8786696 0.6836614 1.3643840 7.7306821 1.0050441 2.1563148e-05 0.8780670 1.1937720 0.7884554 0.5355130 37.2979196 0.5973312 1 0 0
PPE_ENS_111 0.7282809 4.0318653e-03 0.2410391 1.9705649 4.4310378 3.4619210 3.6942283 0.7028815 0.7066409 0.5127255 1.9079894 1.0665725 2.6383251 1.4419041 2.6849746 1.3418065 3.8098626 0.6993044 2.3292667e-06 1.3456434 0.9492610 0.6018891 0.5667145 37.2584151 0.9955274 1 0 0
PPE_ENS_112 0.6334085 8.0036141e-03 8.7483115 1.9370054 3.3183650 0.9868267 2.6829262 1.3533174 1.5486274 1.4561175 1.8496706 0.6133135 3.1472502 0.6225240 2.7593944 0.6631369 4.6356530 2.6766723 9.2180613e-07 0.7528289 1.1495337 0.7527470 0.5718479 10.8690875 0.8001716 1 0 0
PPE_ENS_113 0.4348201 1.8387014e-03 3.7718219 0.6505354 4.1752776 3.8836306 0.4551014 1.3967357 1.3236515 0.9217027 0.9396787 0.3880037 2.0870923 1.4261473 0.8301513 1.9342192 9.1631980 0.4908624 1.8602794e-05 0.9438214 1.0771970 0.9974592 0.7358852 6.7649820 1.9549045 1 0 0
PPE_ENS_114 0.5027143 5.7770270e-03 4.8741254 1.3328620 0.2624515 2.1677673 2.7654916 0.7538485 1.9086737 1.4732734 2.4552040 1.1812562 2.7346879 1.1473131 1.7923291 0.6199865 3.5637841 4.1142430 1.7305940e-05 1.3520878 1.2411602 0.6627986 0.6785230 4.4602289 0.9632429 1 0 0
PPE_ENS_115 0.5418531 7.9677802e-04 1.7958187 0.5378411 0.8510343 3.2996835 1.0150573 0.9985177 1.7482147 1.3785698 0.8135645 0.6526328 3.0344580 1.3414912 1.2360587 1.8198664 0.2612693 0.4522898 2.0460083e-05 1.3276694 0.8092370 0.9429853 0.4655537 31.0528496 1.1341578 1 0 0
PPE_ENS_116 0.8917205 1.2830986e-03 1.4027665 1.7410331 4.8997483 0.2911389 0.3269536 0.9803528 0.9415898 1.3970582 1.5108684 1.2748710 2.4525785 0.5290570 2.3096826 1.7088623 7.4783682 1.1068281 2.7757821e-05 0.5108928 0.9914586 0.9757456 0.5736226 32.4648691 0.6039636 1 0 0
PPE_ENS_117 0.4118994 3.2503481e-03 0.4505674 0.5233347 1.3074799 0.3771004 2.5244341 0.6159908 0.7798262 1.4293966 2.1760269 0.3427873 1.2129366 0.8873254 2.2234394 1.0568078 5.9362470 3.9617217 1.6171244e-05 1.2172862 1.1219044 0.5456679 0.5682118 11.8180038 1.8360448 1 0 0
PPE_ENS_118 0.5946672 5.0389311e-03 0.6966719 1.9856105 4.0752156 0.5995173 2.6113477 0.9409082 1.2011076 1.6956516 0.8647921 0.4224702 1.4136784 0.5315576 1.9496391 1.0311157 4.4111196 3.9346243 1.6108811e-06 0.9358257 0.8976448 0.9556938 0.4115868 27.0237414 1.6866374 1 0 0
PPE_ENS_119 0.3868068 5.8035730e-03 6.2810173 1.6631717 2.5282632 3.9706465 1.8250820 1.2722507 1.2609623 1.0290412 1.5752521 1.2135314 1.1836746 0.8474356 2.7292999 0.5443822 3.1087268 2.4368000 1.9850174e-05 1.1185118 0.7810102 1.1478922 0.7334475 22.7203814 0.9935067 1 0 0
PPE_ENS_120 0.4755842 1.6622952e-03 5.0067506 1.6893136 0.8253656 3.3484582 0.7600923 0.6289077 1.7259901 1.9673181 1.3561960 0.7217757 1.0602736 1.4656499 1.4817105 1.5377289 9.5520916 1.2020766 2.2172963e-05 1.2008448 0.9273649 1.1925480 0.7212813 20.9077665 1.5087975 1 0 0
PPE_ENS_121 0.7218860 9.4240571e-03 6.0008540 1.5472449 0.7997600 0.9768487 2.3062245 0.9901057 0.9261647 1.2893122 0.5011819 0.7653514 2.8484345 0.9155887 2.3944211 1.4392527 5.8819721 2.0984656 1.3193615e-05 0.8321847 1.0270823 1.1113356 0.5089923 38.9731562 1.8978194 1 0 0
PPE_ENS_122 0.6170954 9.2339581e-03 5.7269095 1.9755119 1.3476299 1.3702068 2.7975341 0.8501368 1.8312521 0.5696431 2.4667880 0.5526597 1.7977180 0.9579443 2.8885752 0.9808561 8.5678294 3.4329420 7.8144707e-06 1.7958844 0.9012554 0.8068330 0.7003263 16.0452570 0.7964512 1 0 0
PPE_ENS_123 0.7825666 9.1999595e-03 7.9810898 0.2253077 0.2436342 1.5515730 0.7871947 1.4053351 1.5137105 1.5941424 1.4707914 0.3998071 1.4524869 0.5374836 2.8331574 0.6307393 6.2054520 4.4266073 9.9335665e-06 1.6944712 0.8433586 1.0782446 0.4043185 17.8732895 1.6332095 1 0 0
PPE_ENS_124 0.8616136 6.6186393e-03 6.6986277 1.1903297 3.1483550 2.6067148 2.4234339 0.9318510 1.7808326 1.7363207 1.0383146 1.0300991 2.9155483 0.5074323 1.9224779 1.4945210 3.0292541 2.7661681 2.8517186e-05 1.0917339 0.9934618 0.9056440 0.5783856 29.3762328 1.2725980 1 0 0
PPE_ENS_125 0.5827622 3.3113680e-03 5.7468353 1.4426736 0.9418611 0.8026588 0.8571058 0.9550257 1.1644991 1.8632710 1.6387463 0.5536159 1.8105180 1.1798311 0.7290625 0.8132818 0.5562465 4.6151085 1.6027504e-05 0.9259969 0.7573637 1.1583275 0.5044077 19.0126333 1.1096969 1 0 0
PPE_ENS_126 0.8090310 5.2553791e-03 6.3820044 1.5519798 3.0850537 0.3284216 3.5630131 0.6943164 1.9006291 1.6588734 0.8044223 0.8348228 1.7342500 1.4130565 0.4376411 1.9438528 4.4836836 2.9988412 2.6670065e-05 1.9826898 0.8045877 1.1755845 0.5172786 10.0715292 1.9200357 1 0 0
PPE_ENS_127 0.2563151 9.6342106e-03 0.1498304 1.7522108 1.5003505 3.0149647 1.3601145 1.3654419 0.5039651 0.8989584 1.5615232 0.5452988 2.8222762 0.9391501 1.4653143 1.7170709 2.7601837 1.1321716 1.2674600e-05 1.9294245 0.8482451 0.7581385 0.6319548 33.5980000 0.7259798 1 0 0
PPE_ENS_128 0.3538127 9.9267474e-03 4.2878609 1.1254603 2.0966710 2.0728689 3.7913149 0.9687915 1.2999277 0.6327574 1.1133964 1.2847126 1.9417984 0.6193568 1.4116505 1.1245482 5.0574497 1.1476619 2.8074019e-05 0.8876769 0.8648353 0.9123382 0.7128670 6.9196283 1.3707469 1 0 0
PPE_ENS_129 0.3565999 9.5674543e-04 1.2980810 1.6477272 1.5091094 3.4396893 0.7165985 0.9690052 1.2675057 1.4105050 2.1571067 0.7173303 1.6792825 1.1271471 1.0072468 0.5640510 8.7521678 2.5008554 6.7684501e-06 1.5088575 0.8123164 0.6893369 0.5441346 7.4858910 1.1387125 1 0 0
PPE_ENS_130 0.2054296 1.5526415e-03 5.5607693 1.5640559 3.2655301 1.6878959 3.2594659 1.2768635 1.6325411 0.7261796 0.9819025 0.9151519 2.0536199 0.5143632 1.3665587 1.1601721 7.0377955 2.2447533 1.3881714e-05 0.7103181 0.9355659 0.5952304 0.5593410 12.0116753 1.0743264 1 0 0
PPE_ENS_131 0.3094138 4.8763249e-04 9.1901406 0.9678905 1.4534166 2.6584492 0.4876369 1.3179610 1.2292765 1.7224368 0.7778220 0.6551955 0.9764182 1.2631338 2.7153213 1.4313262 8.0091270 1.4556544 1.3755668e-05 1.8763729 0.7768695 0.8144926 0.5777100 9.7774823 1.6655222 1 0 0
PPE_ENS_132 0.6812690 6.4544078e-03 4.3098846 1.1406203 0.8922731 1.7292868 2.7391332 0.8731130 0.7876932 1.8425447 1.0021455 1.3186190 1.0745798 0.9119740 1.2158864 1.2957669 3.3709134 2.8452597 2.7666068e-05 0.7081483 1.0511599 0.8692999 0.6106381 21.1829928 1.6843543 1 0 0
PPE_ENS_133 0.4488824 7.8631432e-03 9.4493153 0.2855478 1.2889701 2.5525189 0.8900509 0.8229977 1.3052439 1.8124680 0.9757973 1.0411655 1.3340553 0.6378604 1.5421090 0.7812844 0.4432514 0.8982000 1.1438851e-05 1.1855233 1.1226215 0.6974584 0.6869501 12.6853071 1.8243605 1 0 0
PPE_ENS_134 0.6503064 1.2014278e-03 7.1859947 0.4754911 0.6912385 0.8391344 1.8110641 1.4487209 0.6900630 1.9780152 0.7210454 0.3694284 2.5582862 1.2553088 2.5440498 1.8965702 5.9652814 0.6672524 1.3728342e-07 0.9015430 0.9044610 0.8287128 0.7964442 29.1042628 0.6239463 1 0 0
PPE_ENS_135 0.3136257 3.0106553e-03 4.5385604 0.3026102 4.0498288 1.1510955 1.4321419 0.8637644 1.9150877 1.6854068 1.9186691 0.9902690 1.9124709 1.0727518 1.0473377 1.4606043 7.9302670 0.5241365 2.1354977e-05 0.6488063 1.0627596 0.5287268 0.5229898 4.1455995 0.6597408 1 0 0
PPE_ENS_136 0.8952002 9.9974890e-03 9.9530917 0.3842361 4.2986473 3.1234436 1.9428292 0.8565172 1.4493785 0.6188431 1.6661974 0.7383371 1.3175628 1.4546149 1.0227032 1.7975277 1.0773486 0.5546842 1.6001608e-05 1.5500843 1.1758100 0.7858214 0.6752104 36.1554913 0.7570309 1 0 0
PPE_ENS_137 0.7303210 7.0468585e-03 5.2095498 0.2574376 2.3524516 3.2018452 3.7144619 1.1753203 1.0785977 1.3656328 2.1619572 0.6120470 2.1363566 0.7190248 2.9036341 0.7076384 3.9200901 2.0385665 2.9776010e-05 1.5335628 1.0384473 0.9475203 0.5881790 23.6318986 1.3365115 1 0 0
PPE_ENS_138 0.3637705 3.8663385e-03 2.6073340 0.7547824 3.2392094 1.7800063 1.2694897 0.6801019 1.5824954 1.2195840 1.4899906 1.3129032 2.2894775 1.2392594 0.3352761 1.1707199 7.5921426 1.0956817 3.1179147e-05 1.9165069 0.8933148 0.7239513 0.4735968 29.7517658 1.8455824 1 0 0
PPE_ENS_139 0.8720335 5.6239126e-03 8.8213253 0.3250170 1.1875268 0.5698969 1.1395455 1.2293772 0.9619944 0.8668528 2.4468021 1.2037860 0.8991783 0.6879090 1.1844706 0.5149688 6.1248423 3.3658899 2.2733499e-05 0.7609205 1.1269463 0.7782607 0.4621693 14.2058943 1.0217317 1 0 0
PPE_ENS_140 0.3809581 5.6667687e-03 6.5865875 1.2438415 2.5060930 3.4301296 1.6758683 1.0913049 0.6954437 0.8949662 2.3311829 0.6280733 1.1051376 0.6609298 2.3735140 1.4710117 3.6769339 2.5259977 1.5158874e-05 1.9664120 1.0536934 1.1217721 0.6331367 39.9537203 1.4869395 1 0 0
