5.522908413836471464e-01 3.423287768701828871e-03 3.127540098988921824e-01 1.503614220417850866e+00 9.519555648334621090e-01 6.109442368184420102e-01 1.642516338495236372e+00 2.971591949054126935e+00 1.444014731484800862e+00 2.497507927487050861e+00 3.491865983864522072e+00 2.283813982408632093e+00 1.192352298026718997e-05 1.795365892542598152e+00 1.939098525794832995e+00 9.325939004500802820e-01 7.612051533662166358e-01
6.912909487486025295e-01 6.660550253069581240e-03 7.215032994460209848e-01 3.988404920091688233e-01 7.812084455956764817e-01 1.725178010274671436e+00 7.137013775983351849e-01 1.147962631956447321e+00 7.119370997471238249e-01 1.005815385382337279e+00 7.882812435812729390e+00 4.651830468718772593e+00 3.919669434867741007e-06 7.670616325428079030e-01 8.912970689585131279e-01 1.181974277710447385e+00 5.116687641364228156e-01
8.461331453405500636e-01 5.947219283711373955e-03 5.056070819403032379e-01 1.456171457592337903e+00 1.211709013239692156e+00 9.064036310006147179e-01 1.597289431114992997e+00 1.066776864247423795e+00 2.348737145120790792e+00 7.820140309045071625e-01 2.587105099700834021e+00 2.964984035115491690e+00 2.887397582771323022e-06 1.226431261611188095e+00 1.549414099156923852e+00 9.977198218211218439e-01 4.793413327040163541e-01
2.085311230361911183e-01 4.737965482101769328e-03 1.488508085630598776e+00 2.850279583910824699e-01 2.851403255097594958e+00 6.193568639208636428e-01 1.325223422305801702e+00 2.046145307696928484e+00 9.913438788552709768e-01 8.587534477825782275e-01 4.930248619850041258e+00 3.265721966677335164e+00 2.228232079525319280e-05 1.755131390650692458e+00 1.192837963399634882e+00 1.068733381548896189e+00 7.231121430032532160e-01
2.204500384180938244e-01 9.030233567385120797e-04 9.940449814054650446e-01 6.427394234409280482e-01 8.579336145999180152e-01 1.396402317375005753e+00 1.350356238581845059e+00 2.429211514183698739e+00 1.983922346244129997e+00 3.475347111222729657e-01 2.974581981107517592e+00 1.430047731610969208e+00 9.675758960834335883e-06 6.759562996494666853e-01 1.184737935681502208e+00 8.265479261965287261e-01 7.812956501883704385e-01
5.087189413359389789e-01 2.006307318551828287e-03 6.093186516786301965e-01 5.325050792330143778e-01 2.758106304268387543e+00 1.538299510066981401e+00 1.219219630842936386e+00 1.265769017013492093e+00 1.887859919723648305e+00 2.679206459979099453e+00 8.934025432616257589e+00 1.871502270685397651e+00 2.070142844069607850e-05 6.313334066153727386e-01 1.462912531362497326e+00 6.673487314034503015e-01 6.460170321977405372e-01
2.062647175250906795e-01 7.378805280657277366e-03 1.460853422088604248e+00 7.803097871875352975e-01 4.349157788374645506e+00 1.879734440867225631e+00 1.088853949183456127e+00 1.704313215277308835e+00 1.367148551586540250e+00 7.934028566777184821e-01 4.044625800506642666e-01 1.540060156423132209e+00 2.074736551073140333e-07 1.618427271099024178e+00 1.770152635717274547e+00 5.202316871193570780e-01 4.122944410709104002e-01
7.614587992371770753e-01 2.420726588807685983e-03 5.818976736944199146e-01 2.449184674796888173e-01 2.482003796324973255e+00 1.917721411546573718e+00 1.509555175309575281e+00 1.033668935365563479e+00 2.003875079298532480e+00 2.636547103276690507e+00 4.316642456698508212e+00 1.171243513418849247e+00 1.295648147690936493e-05 1.468833269963696342e+00 6.817681323705870877e-01 5.016134144570949527e-01 7.874850602836565017e-01
7.338915458474910558e-01 5.237523284005090934e-04 1.405490183471061583e+00 6.661581451360949480e-01 1.512288889726978613e+00 6.309850031771073731e-01 9.387640524020377519e-01 1.867100141160939364e+00 9.138658274569544382e-01 2.396897249556306342e+00 8.496393902964790357e+00 2.157051347965475596e+00 6.006566490014576171e-06 1.024254948561341250e+00 6.950466107356380041e-01 6.015658431734633993e-01 6.506169206709055963e-01
6.461300698641662121e-01 6.904692404822164106e-03 9.621375354833421323e-01 5.628536995967909906e-01 2.417911443812384764e+00 1.735112409468576589e+00 1.073983930218335159e+00 1.393543445697242422e+00 1.245795290071376904e+00 2.969835825384630645e+00 1.364016141068492782e+00 3.764670940775997732e+00 1.030677087362417164e-05 1.076581056523955748e+00 9.708830924224645109e-01 6.256314167051328923e-01 7.295837824953663731e-01
6.103062832211969546e-01 4.635132381975702077e-03 2.198776245711318578e-01 1.004818061501421056e+00 3.755881692068118838e+00 1.586455039790738208e+00 1.708523944050816867e+00 1.986995721445792062e+00 5.772254380207372249e-01 1.280919380100854488e+00 6.676788577021018911e-01 7.795672973500022973e-01 1.367707661401820270e-05 1.873629518851033016e+00 1.244614422262757536e+00 7.142855874665008376e-01 4.349415984687325931e-01
8.592192072857964824e-01 9.686564789919171678e-03 1.278349471093298106e+00 3.356883054196262428e-01 3.390831019730995433e-01 1.915595286675721765e+00 1.414016942264188170e+00 1.416784676586140490e+00 1.496662792613567383e+00 1.931537002899670563e+00 4.134219679856496299e+00 4.781626918739480203e+00 2.759394748312393931e-05 1.132601095004145630e+00 1.312715331437169120e+00 1.171002624760098421e+00 5.027492776726499857e-01
2.975749008775764870e-01 7.059987428881082765e-03 3.969662594993209614e-01 1.513821696782157167e+00 4.304035510903508888e-01 1.441251908199971954e+00 1.067880759550396075e+00 2.704226672969213041e+00 1.804535732240518220e+00 1.482809334976671334e+00 3.109710394391810517e+00 2.537275212902060151e+00 2.432351033221278222e-05 8.759766376861189974e-01 8.874542131717770843e-01 1.137586259469023364e+00 5.646630098642261286e-01
6.014965143031203443e-01 8.829120154866393344e-03 1.301665983411544270e+00 1.277287273843385140e+00 2.895912873350932060e+00 1.311123866982504271e+00 9.974539899239501795e-01 1.535006427732182210e+00 2.472610058481070183e+00 4.065085005327925827e-01 3.307798540092787398e+00 1.487370659900087766e+00 1.089168313973454208e-05 1.609887282935789754e+00 8.234798094712065808e-01 1.113548385887356051e+00 7.741617155893013580e-01
5.450076263079925987e-01 4.595289040883728492e-03 1.150933270208386316e+00 1.319726228180683858e+00 4.164612201346228559e+00 9.244394046780406438e-01 1.236026251850629532e+00 2.530293959117952962e+00 2.102972969407945314e+00 1.097558607372955297e+00 5.565031310648762997e+00 4.022310397715913033e-01 4.260561164929458216e-06 1.937919061343715832e+00 1.276627913948590543e+00 7.644243233589860242e-01 4.215375962497708295e-01
3.628261782343371600e-01 4.978164157328788218e-03 9.390899747596878067e-01 4.832768516092295630e-01 9.932769820504658842e-01 1.073774062911753147e+00 1.136373431743324502e+00 1.154940138345719625e+00 5.964704007122449969e-01 2.036941939649020483e+00 1.586479043008726775e+00 3.244739830284609106e+00 2.721471522940119097e-05 1.853603028000094355e+00 1.799606927634272324e+00 8.983216341474276057e-01 5.639992237708568723e-01
6.735408153424530253e-01 7.380025507119159292e-04 5.588894428841095774e-01 1.874592227062197969e+00 2.431843381487377442e+00 1.672884484137146410e+00 1.175264852423153483e+00 1.451925593215287469e+00 1.590718821518541048e+00 2.045598462581550869e+00 1.132733549354417280e+00 7.316067230278722189e-01 8.181803550148554248e-07 1.844548851459991035e+00 5.280699715191622401e-01 1.097034721812153890e+00 5.967772026753621617e-01
8.316455114325178588e-01 9.945752307474502868e-03 9.241006923723266153e-01 1.531466018206928625e+00 3.976673963915342558e+00 1.173196878190479797e+00 1.048790602564091401e+00 1.917876694854404374e+00 7.706630699764822623e-01 2.300531930487570875e+00 5.115602698803430215e+00 4.740806884755915718e+00 1.546313762296865895e-05 1.580425164566848117e+00 1.120060474229220393e+00 1.149964303501661345e+00 5.583765590522657973e-01
6.173618858998440873e-01 3.274433016762969256e-03 8.651747586652495103e-01 8.387194083901663433e-01 4.986855538936312726e+00 1.357411016980840213e+00 1.278355486831399102e+00 1.842564877736906359e+00 2.273850601190844145e+00 1.806288358639727143e+00 9.819457670620658218e-01 3.219031786350575075e+00 1.424104745855094379e-05 1.266077829416001554e+00 1.970700971137415491e+00 1.021729925933100747e+00 5.495920306366471886e-01
6.285601812662864329e-01 6.078162925718607473e-03 1.129082167069004994e+00 1.866774887645551217e+00 3.543541554518671255e+00 6.888711396058055936e-01 6.878619289419730665e-01 2.801817222012391362e+00 2.481258261844790702e+00 4.604078952976063954e-01 5.433533396195443288e+00 2.626567437950265482e+00 1.900580226439498751e-05 1.085330882106456452e+00 1.777306647171606802e+00 9.577993725599964758e-01 5.707115322953082437e-01
7.310436543268925558e-01 8.507216489023514128e-03 3.468744402871478671e-01 1.781474344813086752e+00 3.023005928501194095e+00 1.816717782539271964e+00 1.580301897682619749e+00 1.279932806478815355e+00 2.465807372589697621e+00 1.991888695197391757e+00 4.258102379039546470e+00 3.540084092163004126e+00 2.428707240924806389e-06 1.909218458544548191e+00 9.583139164848245573e-01 9.220453964780225276e-01 4.168580996179069853e-01
2.551876172014707067e-01 7.570504478118680533e-03 1.295556395083338641e+00 7.654010187827970935e-01 2.345796054746327908e+00 1.861186294727484425e+00 8.234510730587896177e-01 2.401198268344450160e+00 1.009264592965749330e+00 2.686276559192040558e+00 7.102693984851637943e+00 2.616305472274553345e+00 4.614095791959140387e-06 1.403622904803548455e+00 1.988885451340903998e+00 6.068681715446195835e-01 4.061690907789256011e-01
6.618723924762163202e-01 2.647911207528657208e-03 8.237388397499180170e-01 1.101240698929210504e+00 2.396813305500784086e+00 9.191678326125596321e-01 5.233101205387089561e-01 1.756646962923194444e+00 1.183576745624082438e+00 5.189874975510483379e-01 7.635880651988222745e-01 5.536800417555801657e-01 2.634766165743471371e-05 5.284519448786800799e-01 1.993266279541174413e+00 6.868823680721576341e-01 4.965623736122476983e-01
2.761471645623224669e-01 5.134038097184653177e-03 3.792711216260162832e-01 6.303578319448701617e-01 2.924530246145577994e+00 1.224878665906267372e+00 1.681628991116524752e+00 2.786689545025537562e+00 7.914638840266533526e-01 2.816872330419764037e+00 5.981847009550969041e+00 3.201348130714192664e+00 3.110214385145361140e-05 1.201326964597976943e+00 7.438658266633777494e-01 7.335027431928788921e-01 5.862187562148587494e-01
5.706819133703733282e-01 7.228272819065643430e-03 1.003449372180700960e+00 7.749268205897403838e-01 1.718755963800048692e+00 1.554250650568853143e+00 1.164492564733194069e+00 2.989492964560187538e+00 1.789026435616276611e+00 9.660024772874939991e-01 9.213232582185229447e+00 6.680825828444920678e-01 9.233260415064185032e-06 7.023199441377561136e-01 1.930568767330193003e+00 7.096148190401401212e-01 7.730624367455685153e-01
8.834063353843248922e-01 1.190955332012434958e-03 1.149542982954154802e+00 9.171897091464416008e-01 1.872026792783993088e+00 1.006095857226914747e+00 5.545831849620984633e-01 1.253201932454578227e+00 1.810718756349234626e+00 2.909489436535281026e+00 4.581650167775305427e+00 3.491476630147392957e+00 2.940578717041234284e-05 1.640333923241631631e+00 9.395781511313983092e-01 7.373096461641185373e-01 6.569262577046119933e-01
5.957697797423237018e-01 2.340228975633143905e-03 4.749960455482508115e-01 9.391757758622674146e-01 1.950701438043636715e+00 1.611274739797695643e+00 6.604791621328208739e-01 2.581800771915651715e+00 1.036526689622133013e+00 2.239436312254387218e+00 5.085778743259075974e+00 3.171187641882962094e-01 2.826577941704638421e-05 1.930556920663854426e+00 1.515559242406207430e+00 8.291533432770461509e-01 5.761521536039578839e-01
5.362153003752800906e-01 1.935980861790118123e-03 5.090535809506298026e-01 1.685051410218749712e+00 1.756302289500389247e+00 1.045967793657113010e+00 1.492551322565948801e+00 2.281012494497579368e+00 2.209599257063658229e+00 2.623034815138922227e+00 1.220497998986702193e+00 4.021511994634503928e+00 1.755921944012602215e-05 9.949660434437377354e-01 5.181730918191606028e-01 8.589188428487382065e-01 4.595264251922870358e-01
7.708097448478774538e-01 7.951159873940851289e-03 6.411803637521900079e-01 1.300166047510763701e+00 3.825089900791774244e+00 1.336605107394956971e+00 1.395866129982124448e+00 2.050270373681381653e+00 7.279476597584810804e-01 1.854121964714428472e+00 9.310300969864293563e+00 1.735903753120949355e+00 2.307621875421431149e-05 6.571562182815555708e-01 1.131547273895553429e+00 1.143441483389774582e+00 6.011897471550520233e-01
7.948031101503840734e-01 4.005906830345029764e-03 3.658873155084282347e-01 4.633337346004327006e-01 2.062075700473468665e+00 1.564615834043925791e+00 1.849760161353251942e+00 2.182982731145553856e+00 1.191795243263626070e+00 1.629441315219231745e+00 8.299162926727413847e+00 4.934527309458890620e+00 8.284677279137675799e-06 9.807522115106689364e-01 1.795810301778318463e+00 6.140518380945942933e-01 7.643793597491224112e-01
8.069524966738761407e-01 6.874744188758434571e-03 1.346517386444517017e+00 1.142825568689532778e+00 4.690794037450193521e+00 1.504015738098260391e+00 1.718492792158580418e+00 1.939623867621215636e+00 1.265703003425081796e+00 2.846081893737374191e+00 9.266040834905854950e+00 2.767130810943635222e+00 2.043065663063341073e-05 1.882592021877559141e+00 1.719976506088213730e+00 9.906113423344127256e-01 5.376922514650139817e-01
4.081255333529304474e-01 6.625129420704763995e-03 1.053158759417065493e+00 8.997262056861754509e-01 2.212807679042093634e-01 1.768671762021170712e+00 1.665330451679676971e+00 1.569922294796679996e+00 2.494650348494514169e+00 2.291599277025575088e+00 7.322858247196242232e+00 3.157224447898230313e+00 2.000268072511970460e-05 1.118050658258861851e+00 1.201256350033570008e+00 7.418019233662400680e-01 5.238549942984622732e-01
8.041035052523701765e-01 7.761038402118359061e-03 8.061910330695198912e-01 1.767200471128608008e+00 9.201789739923610378e-01 1.318089759638497949e+00 7.703753714495052973e-01 2.490381927699925946e+00 1.213154696125105403e+00 2.466165381782635890e+00 5.498981991527581492e+00 6.098083496126139869e-01 2.359996429688493203e-05 1.181814545498258484e+00 9.193245347333012241e-01 6.847910936371268686e-01 7.404902494520939626e-01
6.202491872202726686e-01 1.474102588916230373e-03 1.225056531164497420e+00 1.819642666365583139e+00 3.337873131356744238e+00 7.826750604288662538e-01 1.852243162052825021e+00 2.875575370798005181e+00 2.082578140144206280e+00 7.123729157018470204e-01 1.541320881915638985e+00 3.010475698949870438e+00 9.442082819953449320e-06 1.775015629667732187e+00 1.756289814747289846e+00 6.787045429312082989e-01 5.667905500095882232e-01
7.876968273793820696e-01 9.622891158430407418e-03 1.323634289460198010e+00 9.682708951944676290e-01 2.988267422042732324e+00 1.889222417887181482e+00 7.479441360061653832e-01 1.730491500450015874e+00 1.136150648432418642e+00 1.662521725278212292e+00 7.300486733742089562e+00 6.762644273667851591e-01 2.017537779925717236e-05 1.084189387703003993e+00 1.233324968725671322e+00 1.154332201280561021e+00 7.351563454982746881e-01
7.378526970901717608e-01 8.167624840629614594e-03 1.168357263178317451e+00 1.907537641677569784e+00 3.706186523730248705e+00 6.953618310098985678e-01 5.114410948180942995e-01 1.198222671926104876e+00 1.641990810171826798e+00 5.453234596303395687e-01 8.303246038959230191e+00 2.906585528262617846e+00 1.007700838385993480e-05 1.438357805565306125e+00 5.328980085072921868e-01 6.416765396412936751e-01 5.011373616089225269e-01
6.767104158429488869e-01 5.688439927329806689e-03 9.961372473293556018e-01 1.633729882856792104e+00 2.730293506087615452e+00 1.430622688568081724e+00 8.515982462954232446e-01 2.062148000791066416e+00 1.796371134936689318e+00 1.305962187194200430e+00 6.144044891943531539e+00 3.417585629061476560e+00 1.764503851122963750e-05 7.058772757440821000e-01 1.904464668038928776e+00 1.107317448851277364e+00 7.550198882418861501e-01
6.540921173550776624e-01 2.734746278397001337e-03 2.756323673951792119e-01 2.188410058836515182e-01 3.524980086754841424e-01 1.607969727810150129e+00 1.610724830905116534e+00 2.139101806959986973e+00 7.616694646766805077e-01 2.316933041242213775e+00 2.493739049726713564e+00 2.884573598225360413e+00 2.516080324195644498e-05 1.342280104932041418e+00 1.458255124494300059e+00 1.160451711379860473e+00 5.143498085488061866e-01
3.283914117478304862e-01 7.502199714852345915e-03 3.576135064310254075e-01 1.622909962278079821e+00 3.936446303775867239e+00 1.507031932880080083e+00 9.096805388292942274e-01 2.937887895404510008e+00 8.038896503090093848e-01 1.640553904409586927e+00 1.339250511564788804e+00 1.652523656875494851e+00 2.455828285438179740e-06 6.161976315519719360e-01 1.902192921450242657e+00 9.042175118086721586e-01 6.796440450230800678e-01
7.680106481631430171e-01 1.705435727974790412e-03 2.436953745699977081e-01 1.049442070225853119e+00 1.016558326353866226e+00 1.764863459149227598e+00 1.464231129120352248e+00 2.770364211320918812e+00 7.865798249295816724e-01 8.196080726766826752e-01 1.835521112002143351e-01 1.271124486507521079e+00 1.885025405930569850e-05 1.922359490211783317e+00 5.076055477217530365e-01 8.010011260378723241e-01 4.449386944734366467e-01
2.355534322349608911e-01 1.200957695497537709e-03 1.515156011171773509e-01 1.764334712288526674e+00 1.909624380348403094e-01 1.261448573907549608e+00 1.526936279654876660e+00 1.850538536395700095e+00 2.281399203953055732e+00 1.016736427178478896e+00 9.830809481079230139e+00 3.654716041452834574e+00 1.714932063520365622e-06 1.150093346049348764e+00 1.096367221319593854e+00 8.096215472196311991e-01 4.478121444618749503e-01
2.115931573369068674e-01 3.921140633508101055e-03 4.473057160179918501e-01 1.919545293865991598e+00 1.110005759582350482e+00 1.136464502638593776e+00 9.320923539174510442e-01 1.166228214337312830e+00 2.338615253628469226e+00 4.657086370267701780e-01 5.868271220382967002e+00 8.136208996634977098e-01 2.668059429947491502e-06 1.498214618922162122e+00 9.474243229038814551e-01 1.040232369992519779e+00 4.801714805417592324e-01
4.592527572476436393e-01 2.596507306201478304e-03 1.384270913621952870e+00 9.926567753011694695e-01 4.431787257591194518e+00 1.844305883608128083e+00 1.193862672829230309e+00 1.326732044246906828e+00 1.174881022580840817e+00 8.941179820316065285e-01 1.806714682695485630e+00 1.198097355861560853e+00 1.982528891320246508e-05 1.391766497423234883e+00 6.365505374841612385e-01 1.029968105860495031e+00 6.419174738107054079e-01
8.661922020855994386e-01 6.214215051799883323e-03 1.012082515273357686e+00 1.590052179714535940e+00 3.222958260798347574e+00 1.455545064573898317e+00 9.247134196066721934e-01 2.072558086295424040e+00 1.384886560954706525e+00 1.066382651747559640e+00 3.730018386111942696e+00 8.774948882868700561e-01 8.574024776352178164e-06 1.591615514359801198e+00 1.506080152800136185e+00 9.615098163429081080e-01 7.692393011240259426e-01
3.862135517794746398e-01 9.271117001959167797e-03 1.953154636832499791e-01 4.246780970696853452e-01 3.918352867660741978e+00 1.190717540332944857e+00 5.375625595803720236e-01 2.542809527181484786e+00 6.342071714595978182e-01 1.447331214595402482e+00 6.802937617150643490e+00 2.948225347968223442e+00 1.311238731082483808e-05 1.236728851484869107e+00 1.669163796751323314e+00 8.221252707330475307e-01 5.693941458808376987e-01
5.184021769807518609e-01 8.993846089526264659e-03 9.790766745912409252e-01 1.695711720058844962e+00 2.253210175450178099e+00 1.066337252934391300e+00 1.861072433253680103e+00 1.896279872418168200e+00 2.035950364257725020e+00 4.839818596764691172e-01 6.612887862493463054e+00 2.508151608817273281e+00 9.912610875664381652e-07 5.154991403943646189e-01 8.637870468602515395e-01 6.702264828819407549e-01 7.715476279385381497e-01
3.251481812960624884e-01 3.112709064442594343e-04 8.360316396781418691e-01 3.506104702561916309e-01 2.641694301090400820e+00 1.975697303801550619e+00 1.012545179686496377e+00 1.358102874940999794e+00 1.028009167130637724e+00 1.840032642699539256e+00 8.245700576941977999e+00 4.868403307380503087e+00 2.106219969424702495e-05 1.231472129410915439e+00 1.004514171421888813e+00 1.145178551045622495e+00 7.776411768476522157e-01
3.296622318113599515e-01 5.516346448238186465e-04 7.138685710358690928e-01 1.084740121598433138e+00 7.470567306835292909e-01 1.472217817547325946e+00 1.833561340169699960e+00 2.090447398410712143e+00 1.613687164957751108e+00 2.439955837309709441e+00 8.180244742266269853e+00 2.213427945075212122e+00 2.186819263064267339e-05 9.249107582050677401e-01 1.176973917186720620e+00 1.173958671245325824e+00 7.040213862312578730e-01
6.430953191662385215e-01 3.103394280766252466e-03 1.062817531715858577e+00 1.565777113484636329e+00 2.393177651595969346e-01 1.353686078912538004e+00 1.869499136455893940e+00 2.432116478157067885e+00 1.938838040501011717e+00 3.669462989601650071e-01 6.859919839215411486e+00 5.878914254688429875e-01 1.020180226572152845e-05 1.029741402189866317e+00 1.727307881285532920e+00 7.978745649412949392e-01 5.617813951665729943e-01
8.766064299492182244e-01 3.583368160220207731e-03 3.311792831841832152e-01 1.112972160400197863e+00 2.833179164937057237e+00 1.635488358636317141e+00 8.684293931306357184e-01 1.441365116444494721e+00 1.255391674820984571e+00 1.507549642050550531e+00 3.349891363550888124e-01 4.185726835483171371e+00 3.048701255861017596e-05 1.893050201028930069e+00 1.086691826999483190e+00 7.032737479962473115e-01 5.842978215195360203e-01
5.877317076471726409e-01 2.213026744760257254e-03 5.224691336306799272e-01 6.935505967182074016e-01 8.048352296134390071e-01 1.408752074251090836e+00 6.470533142489119927e-01 2.571226365208513442e+00 2.448734018586564254e+00 2.780414928468842195e+00 1.557433723707088713e-01 4.981951560051827599e+00 1.612137945493632773e-05 6.824619532449144321e-01 8.168764928805869463e-01 7.214454802121769150e-01 7.822953298625252572e-01
4.854545460681500835e-01 5.191480609776347524e-03 8.598450327915208025e-01 2.702287638911230472e-01 1.421270590975465486e+00 1.903696784718705182e+00 5.491125454554874885e-01 1.687073712034264261e+00 2.144076996616969932e+00 1.913471168028162639e+00 7.675993540986154606e+00 3.584077112839573864e+00 1.280993467370616951e-05 1.059830449254301810e+00 1.114222245905089892e+00 7.490252234831151767e-01 4.286855700123133328e-01
5.833154960234999686e-01 8.415980387719885700e-03 7.719285623890007608e-01 1.575175829216760359e+00 1.379566055656186840e+00 7.429710548510184420e-01 1.575555140134284438e+00 2.104457245523926545e+00 1.043721280044771493e+00 4.196006005428140062e-01 6.741540503094539005e+00 4.330751016970623368e+00 2.480450855764189922e-05 1.542527942184979572e+00 9.901418083088303623e-01 7.118054751923732493e-01 5.266293473282941395e-01
2.896631891367529299e-01 3.452768742681827652e-03 1.216937610516514834e+00 1.932030825901851268e+00 2.938843014982609247e+00 1.208040851931485360e+00 1.280105060050010124e+00 1.050589806220010525e+00 1.542382825472745633e+00 2.059154741818140621e+00 3.674227072212248313e+00 3.365099303220884686e+00 1.959478283579626739e-05 1.767087618898600443e+00 1.911238557548530004e+00 9.348630870794312209e-01 4.181026922329623141e-01
5.569525044339157516e-01 3.740467230437327130e-03 8.187522251873801116e-01 2.578961491906788250e-01 6.406361033321514853e-01 8.400871453671892031e-01 1.117252773192465520e+00 2.032102115783488205e+00 1.833311774513894266e+00 2.486548591517910189e+00 9.359850137074634091e+00 3.840919739835050972e+00 4.012552578053302991e-06 1.802547565293925569e+00 1.162005240189609490e+00 9.436068100925494306e-01 5.213937850505975247e-01
5.419835817151057444e-01 2.499273863061363034e-03 1.074307657590523268e+00 1.032577189190381439e+00 1.746790177979485437e+00 1.715263517817844585e+00 1.779173440600194667e+00 1.549091954333377874e+00 2.170384164758153211e+00 7.513890475008767611e-01 3.797317186017223900e+00 4.096586419286645686e+00 2.245970210729527272e-05 5.647510414456934358e-01 1.379388532351712549e+00 7.244830596387061838e-01 7.185976048697910734e-01
8.431697213477458153e-01 1.884727869706773282e-03 4.276319016203521395e-01 4.771343836677421346e-01 5.276035186924832310e-01 1.249565237312348032e+00 1.648253541286132773e+00 1.675765161952641025e+00 8.448770590590906071e-01 2.462016574096902222e+00 7.390548391553466878e+00 2.184736378171684201e+00 1.443513926200543074e-05 8.963577888622507039e-01 1.388836863474511851e+00 7.171082996203161919e-01 5.729435636335126203e-01
7.406956395381021352e-01 6.128161750257685864e-03 7.043830677217971514e-01 1.155402489654503206e+00 3.243303188761161859e+00 1.000078005959104344e+00 1.754151631807289169e+00 2.191110080244408564e+00 1.081907948682685028e+00 6.611682275825434552e-01 5.888526351611853560e-01 2.311936738416034753e+00 1.082847128477165229e-05 7.721792836577094921e-01 5.519403599975748476e-01 9.251416937688078379e-01 4.941175685048109778e-01
4.302388553482729416e-01 7.430106961634918086e-03 7.305188135271841743e-01 3.263837312458017781e-01 4.807286775038621229e+00 1.253564458208545895e+00 1.686403604835104098e+00 2.854474387312523120e+00 2.196327710492230523e+00 1.238752596819281848e+00 7.549072376909369275e+00 2.356526834332729692e+00 1.794532923726883472e-05 7.811811242076637241e-01 1.407798972487121825e+00 8.835112098992602414e-01 4.925066075001613419e-01
5.276483754046058516e-01 3.903734879633216702e-04 1.353819250932366325e+00 1.041350237865217077e+00 8.849259166509060304e-01 1.867922578041004700e+00 7.232771765697374455e-01 2.867537070948894762e+00 1.458757392133353425e+00 5.031867143292828581e-01 3.552902870070576924e+00 4.555830911628644952e-01 1.265163608607726291e-05 1.463403841038275921e+00 1.535466318043882117e+00 6.724048862042951713e-01 4.883042674932035476e-01
3.580782244146465398e-01 3.396432348540950018e-03 1.128032936351384130e+00 3.223206960434497059e-01 2.985127237128916367e+00 7.280453276691511988e-01 1.044052448733083338e+00 1.697359191815542401e+00 1.483598576324972829e+00 2.327380430535764599e+00 7.121779543268258017e+00 1.777252241606677607e+00 2.224843795949350134e-05 1.048303518831633863e+00 6.491819252535891982e-01 5.695200196098854084e-01 4.642400047088112713e-01
3.849842752186096728e-01 5.892976316615754738e-03 5.279228443101700030e-01 5.793961207703872685e-01 3.138487528833008078e+00 1.379409556129412628e+00 9.594222084389989469e-01 2.153688403049819122e+00 1.400786644064646591e+00 2.527452461279580120e+00 5.948373746540851492e+00 4.588677966352980420e+00 1.858415506412416267e-05 1.767848724485248990e+00 1.061139602495656309e+00 1.036502912013504751e+00 7.671133917413193171e-01
4.171601703293778551e-01 8.794729665597082052e-03 9.889483011843088756e-01 4.446808614603634524e-01 1.645302661797091393e+00 7.587923860918497354e-01 1.122931823443380717e+00 2.900991126405042753e+00 8.290678803767846938e-01 6.125714202028279542e-01 1.879986814020581321e+00 1.512558007711874541e+00 1.410261814983208362e-05 1.941912301160932275e+00 1.256422360153461426e+00 6.543546109650799636e-01 4.763378783306438935e-01
6.146799809254174241e-01 6.739761241729113868e-04 1.456094668425323091e+00 1.204019556804281965e+00 1.489814554647567402e+00 1.653692411914766902e+00 9.666043235537614686e-01 1.774199153746088609e+00 2.409556540229700783e+00 2.102486397949486108e+00 9.037410965035670429e+00 1.849859525246936087e+00 1.131036772295827947e-05 1.616847183221963302e+00 1.240296009123239340e+00 9.108432562143158329e-01 6.629711812574905494e-01
4.960926616200762029e-01 5.831515682494047177e-03 1.239985059812149126e+00 3.635836902255910053e-01 4.493044962962468247e+00 1.901881586950930680e+00 1.316258302297689253e+00 1.593875832070676957e+00 5.148057126250839000e-01 2.533815781201434358e+00 2.835276410221876375e+00 2.333764545581131333e+00 2.628199177301381660e-05 9.971217673044916463e-01 1.885229883532604012e+00 8.620504774303823226e-01 6.160093364424639173e-01
6.336813254172835030e-01 6.555844293797689210e-03 7.844109359671029846e-01 3.799636835453179540e-01 1.314900549901313109e+00 1.937549448803161267e+00 1.806067055720745662e+00 2.503403775051860514e+00 2.365424128869785036e+00 2.179969253574205457e+00 1.306386643385630375e+00 4.628798983841269532e+00 1.042362246889916889e-05 5.308197686316289410e-01 9.524234377360881743e-01 1.074612290788904190e+00 4.111857287149631723e-01
6.376285633925822260e-01 8.204896147830089900e-03 1.266064136783741523e+00 2.770031247550431841e-01 2.110749446515402639e+00 1.822414050880610148e+00 1.945575229304824516e+00 1.280719875046908207e+00 2.116075340358552825e+00 1.188162036548088274e+00 7.002481590364743269e+00 2.265464548681056733e+00 7.714570392165522909e-06 8.506375794954086356e-01 1.676260916746882046e+00 5.222768740849402791e-01 5.434374067826943655e-01
3.737324918754233449e-01 2.823702893130095471e-03 1.111818956007986525e+00 1.487537049669510836e+00 2.590461009087714928e+00 1.270876499028296802e+00 1.999456003762910106e+00 1.973983978907595027e+00 2.371880921445106871e+00 2.807115152812992065e+00 1.451254277393014158e+00 1.335920612931573936e+00 2.996515904470189293e-05 6.032516502856735130e-01 5.995278619857242752e-01 1.194797730613958553e+00 5.322340884176108844e-01
7.551615059649019468e-01 8.104498517899632812e-03 7.261347204517338838e-01 1.557535560016992227e+00 4.016758582387121912e+00 1.181320371119582990e+00 1.750566412795022453e+00 2.521977207090374318e+00 6.033610899676324912e-01 2.107412323678137245e+00 9.188307276684833269e+00 8.610573187217755997e-01 3.669902573524132258e-06 1.574892552506958143e+00 1.828513934582795875e+00 8.397138027161765716e-01 7.328862331294903054e-01
8.234074096300492140e-01 8.809131020141759564e-04 1.851341966932441852e-01 2.288855926708667221e-01 4.039871493457985352e+00 6.260356135192267635e-01 6.178301473720653192e-01 2.218921277911554135e+00 1.913560823800367849e+00 2.728567274958535016e+00 1.181643750052328246e+00 4.346588952271613904e-01 1.349679172726294047e-05 8.844184907670135098e-01 1.649643769214061528e+00 1.163108417504366221e+00 4.247427730968288961e-01
5.246736135166407689e-01 4.028082459153345602e-05 2.110350622696059164e-01 7.964321051752902836e-01 4.136871162758803955e+00 5.902717986142899109e-01 1.897272290927574545e+00 1.186387239362158619e+00 2.027463515051413978e+00 1.335198818747162397e+00 2.897424975707808548e-01 2.227577901425024987e+00 2.465030296896114341e-05 1.789491772028902750e+00 6.565807295858390180e-01 7.962218421175506489e-01 5.470248182673413950e-01
4.917309500566037217e-01 2.399465801182992602e-04 1.442166143931844502e+00 1.646681818624113669e+00 4.588349626122869118e+00 6.552046418630812497e-01 1.879154475985683526e+00 2.273668280700189115e+00 2.059505444520627115e+00 1.688646067677017415e+00 6.333208330463762081e+00 2.594208921345133589e+00 2.133659690178787497e-05 1.974751672966712057e+00 1.435474890639848233e+00 6.293284459348120752e-01 5.748801648866948000e-01
7.525860231190555361e-01 9.509691633345564166e-03 5.663090990963696170e-01 1.445349204611806382e+00 1.305594864212856088e+00 1.712139224444640950e+00 7.965962675188670294e-01 2.413477853388592109e+00 2.164987554568439165e+00 1.964605677370668158e+00 6.196830698084612621e+00 1.307436123885557855e+00 2.060000240389495686e-05 6.915631189710800264e-01 1.122883044123314633e+00 9.890223882524793453e-01 5.184750658558405778e-01
4.628547146792602596e-01 3.082568984922192789e-03 8.106291672964442974e-01 9.510570113170566664e-01 3.546807530382094509e+00 1.663257037872657440e+00 1.468743857261611607e+00 2.634977835910248256e+00 2.154021658589289068e+00 1.470655637459988396e+00 3.162841250225585821e+00 3.966147430997654322e+00 1.564498792646686144e-05 1.317609039930699000e+00 6.592211761176387519e-01 6.162170417429380098e-01 6.249826526263086990e-01
7.148884604426253286e-01 4.130390330788883541e-03 1.261320309397484518e+00 1.477677212305839927e+00 4.898463879811224331e+00 1.106040444874367479e+00 6.991479250961587510e-01 1.518873298852756459e+00 2.359730280604990238e+00 2.385009248111054081e+00 7.725524000305414418e+00 1.923473928117007459e+00 1.879936783863704963e-05 8.010987948418408777e-01 1.333410629581863960e+00 8.164667071011448840e-01 7.902079524091870644e-01
6.629022822660479708e-01 4.538418632123734225e-03 4.121913036071984671e-01 1.249119053607307794e+00 2.586878830644678828e-01 5.463779383972007242e-01 6.727769530746900983e-01 1.207456109990958870e+00 1.302795969481309601e+00 2.695119614555602450e+00 7.595355410836622134e+00 4.123365488349883812e+00 1.575222835680535944e-05 1.358271856597231819e+00 5.741509509106664799e-01 1.051044977721566465e+00 4.870266639500098194e-01
8.579050931532474777e-01 4.393388832305063219e-03 9.402608171264927872e-01 2.112864183474199298e-01 1.801768591752376913e+00 7.230967010678100992e-01 1.840488341884131573e+00 1.837587258718369032e+00 1.586693676416164767e+00 2.796876241766730775e+00 1.920892877078720501e-02 3.916512910372689227e+00 9.614101495095842638e-06 1.163441557821177197e+00 1.298151862656730327e+00 1.011987702393492006e+00 7.494569488325305562e-01
5.218311765026284466e-01 2.877614012591508258e-03 6.149195630720092343e-01 1.135114680856199598e+00 2.260842280942916727e+00 1.697273469219541919e+00 7.848455845778312678e-01 2.347688141498691650e+00 1.349804127996017122e+00 1.374632433402295462e+00 2.912747834856169948e+00 9.711096504044804956e-01 3.026261656341562106e-05 6.480102361582724679e-01 1.740386849005217673e+00 9.828460281442465973e-01 5.395743157612971075e-01
4.471035497903321221e-01 2.162133535748727176e-03 8.926793588560375525e-01 1.342550895831928326e+00 4.781329339275133705e+00 1.999183733979762012e+00 6.014960240369909839e-01 2.161699725226242652e+00 2.241068277432727740e+00 2.194686251953149814e+00 5.711403187157251260e+00 4.913175995161647158e+00 2.882780282757052638e-05 1.650773289569531510e+00 1.487603276366206373e+00 8.934975384227549222e-01 6.598684092786351041e-01
3.917580877546938956e-01 5.495834599844629485e-03 9.119389467086318479e-01 9.826304487779027319e-01 4.248593932206825130e+00 8.201218978754080124e-01 1.257693636298132134e+00 1.889569011033450430e+00 2.323335805402822807e+00 1.367586684722266410e+00 4.625759871031083215e+00 2.457522898847309900e+00 1.468742895373345819e-05 7.211446847715933250e-01 1.730907194471653643e+00 5.985057317450593883e-01 7.131428262522042649e-01
4.371355056590587873e-01 2.526018193734533399e-04 1.294933255807185213e-01 7.904996458598869680e-01 3.435923888355811417e+00 1.841829412206601679e+00 1.452897627971624805e+00 1.005571736023850971e+00 1.940457379546056460e+00 1.218123467850335429e+00 2.759913900321080860e+00 8.217482578707206997e-01 2.264478812734641724e-06 1.297796754194183499e+00 1.699251854027877151e+00 6.628558702445332962e-01 4.081925950084149823e-01
4.117875973663434608e-01 1.578194378168688416e-03 6.787384131249767361e-01 9.248019518277532658e-01 1.844337594281504566e+00 1.512700997939006475e+00 8.321608823733049887e-01 2.649301654895661162e+00 2.410809435735720374e+00 3.887019816974107145e-01 8.085322834710057194e+00 1.917953513238938257e+00 1.918181431896605330e-05 1.250701476869825912e+00 1.890439992179220319e+00 7.936591922460873860e-01 7.162983729808507505e-01
2.643236555771750762e-01 4.158854419611860039e-03 8.768936142137516709e-01 1.099753143385579390e+00 3.729761148865955889e+00 1.127481028746681657e+00 1.421626793590941906e+00 1.349484731729960529e+00 1.628089278147403896e+00 1.129277851202661331e+00 9.534343517719932493e+00 4.466400723133808093e+00 5.571906694400940400e-06 1.482032304409972800e+00 8.983662817604224360e-01 5.314017439125773290e-01 6.128186474650726412e-01
7.593712442860187650e-01 4.056146548842219125e-03 8.538219359069165737e-01 1.854077950661399576e+00 4.849258076635456938e+00 9.895638997162186090e-01 1.991759957302043027e+00 2.204559072028242195e+00 9.316736592146337426e-01 9.562571147721774523e-01 6.431954492633366272e+00 1.628109555113235851e+00 2.522360017364820201e-05 5.494257122740018318e-01 1.571388937836378119e+00 5.862398689213568215e-01 7.079415705327334329e-01
6.504051444451099950e-01 6.832225492036185163e-03 4.422897311449522917e-01 5.148700196062183654e-01 2.705458680502495383e+00 1.400018885645044175e+00 1.557112169148289871e+00 1.214878868182124538e+00 1.167174971628819780e+00 2.265188642224446713e+00 5.607494312390736368e+00 2.685984556050313277e+00 7.317755883925649255e-06 1.632369582131552033e+00 1.342497426101499025e+00 6.481929476808501178e-01 4.424039591694687301e-01
3.050828387670144193e-01 8.693369128527184825e-03 5.534966066376848515e-01 2.526335940456803097e-01 4.238062118233259845e+00 1.283629254601930114e+00 1.405503846909161858e+00 1.991204459930537185e+00 1.099857093804488484e+00 1.203067225700759968e+00 3.252370596462226704e+00 4.210442237907023433e+00 5.297649391291707157e-06 1.101427665500213982e+00 1.354965262468249110e+00 1.117899841815899187e+00 5.579291290069681164e-01
8.884590952525723839e-01 4.428932063583304645e-04 1.403363224223731776e-01 1.546009567586971833e+00 2.174571099022424736e+00 1.479225094781810412e+00 7.866178406557808866e-01 1.461264924561312739e+00 1.656160390938298921e+00 2.154063265331964239e+00 4.554957819388377516e+00 2.479848333280410877e+00 2.780938981597794960e-05 1.991048329107669268e+00 9.762269656378970151e-01 9.731883093837230270e-01 5.290508127529343074e-01
7.637141646422413999e-01 4.813589659465925506e-03 1.199161077213012350e+00 1.291184572387360951e+00 4.445501011507540845e+00 1.977562990743123361e+00 1.966289181826275767e+00 2.823736312436184726e+00 5.442916243655184783e-01 1.452212721757154101e+00 6.503917938224191175e+00 2.989048021083206663e+00 1.972363228054690347e-05 7.145065231903899861e-01 1.810627260546739059e+00 1.133238026123798869e+00 7.144235241897270994e-01
7.974060916643335162e-01 6.722646915497442269e-03 7.757030930749980735e-01 1.681344152790422930e+00 3.499034548917055343e+00 1.778089288209610874e+00 1.170351462706124890e+00 2.613827488506579755e+00 1.892602125593043416e+00 2.023536314636336986e+00 3.375117176369879068e+00 4.892990581250739268e+00 3.098124649263060801e-05 5.846912469452896222e-01 1.361449957679901290e+00 6.388578233013160190e-01 4.404508683598672980e-01
7.991201863659509463e-01 2.932024228355218504e-03 4.214729303747983824e-01 1.835189314363508073e+00 1.054281792287998787e+00 1.831972814017813977e+00 6.282408703230887292e-01 1.369215570489492606e+00 2.422950341799825047e+00 1.868098846877085606e+00 1.473195133768880893e+00 9.316063302473602814e-01 5.723433241978505063e-06 1.394026869324017648e+00 5.391470219916170148e-01 6.436046073734890127e-01 6.947432576734982046e-01
5.807528608075991361e-01 3.616126180671268200e-03 1.380789388614598101e+00 1.164212052509531858e+00 7.598100642374354674e-01 1.851204662711430249e+00 8.428768760190994414e-01 2.757363782177801870e+00 2.266224882931062279e+00 2.364151091384154579e+00 6.827808922926472235e+00 2.098535596356096100e+00 1.321823517857648072e-05 6.603124789175406351e-01 8.677586254734480642e-01 1.126518937194785908e+00 4.032860320138526578e-01
4.750339258784979646e-01 8.623205877070667935e-03 7.408879324861281646e-01 2.906750840733041685e-01 1.354095602390557262e+00 1.139213920907288236e+00 1.159184520197052759e+00 1.113526470923490885e+00 1.765294507660624124e+00 1.088764730521921242e+00 2.047730625867594689e+00 1.022235471303922782e+00 3.065527376984935747e-05 1.008938989937798514e+00 1.499227647859886270e+00 1.057810157307351728e+00 5.050892226356787917e-01
7.227159374720371066e-01 3.866788919069925543e-03 1.305728634154426082e+00 5.588780541553324266e-01 4.061327860639329934e+00 1.277044794627671731e+00 5.637693180790113168e-01 2.450882131281955978e+00 1.229106444920617047e+00 2.586838760076878074e+00 5.336238543901374864e-01 4.513203969236456281e+00 1.711773827532838584e-05 1.432197834710683182e+00 9.874347305750476034e-01 5.943063488247442017e-01 6.063004719605252779e-01
3.001164885059307563e-01 9.161741231582604811e-03 4.783331915279204205e-01 1.609401242579462599e+00 2.321621449792374836e+00 5.696681012264199762e-01 1.141200034669408447e+00 2.468859504747067390e+00 2.095934372942063195e+00 1.792360283605323179e+00 9.118637352248702754e+00 1.578340373136952746e+00 1.320494988462054702e-06 1.910352682826987669e+00 1.159076323798597929e+00 9.298592875905880017e-01 6.281699660491174564e-01
2.310082517840271465e-01 9.993859777860259613e-03 1.036565808956226187e+00 1.225523298732516198e+00 4.530669117436408655e+00 7.476799243740028800e-01 1.515205904531388370e+00 2.178704702919869618e+00 5.639132996683074994e-01 2.434536977294140758e+00 4.757591509886831105e+00 9.988782455964066997e-01 6.799422804401742428e-06 5.527723393487480319e-01 7.852851119994435081e-01 6.944532152427588256e-01 6.673826684906729589e-01
4.037845405663209597e-01 1.136676149809066720e-03 3.425091122207098993e-01 1.664065574572597850e+00 3.281430588661506498e+00 8.643123344507050998e-01 1.303832663520381185e+00 1.875042535356102658e+00 7.514218638307968989e-01 5.961200539201674253e-01 4.201641136093755335e+00 1.251703029383372634e+00 2.954794904397300344e-05 1.362987678110580525e+00 1.945996784057364204e+00 6.523810166001015043e-01 6.756786997222169466e-01
4.500943067208326709e-01 1.768152270060549492e-03 5.196330955082584246e-01 1.353365216823862349e+00 1.129967272065838024e+00 1.964996171395436697e+00 1.559717138803754732e+00 1.600913277837589188e+00 7.367715170176849515e-01 2.547335661244933824e+00 1.982491433415614290e+00 3.738410302250100070e+00 2.589421100071168414e-05 1.287220202348670517e+00 7.299080984072165990e-01 1.025762478720384063e+00 6.044839054903384801e-01
2.683094830460737157e-01 9.567716964991678993e-03 9.713687732309407297e-01 1.387694192434661744e+00 3.491607962308151070e+00 1.145702888461594293e+00 1.183854631728160633e+00 2.514576152635458861e+00 1.518603021083983373e+00 1.156461584772598528e+00 6.051572891880494076e+00 3.391210876298997867e+00 2.606830520050378740e-05 6.386531668571069353e-01 1.685282496777441130e+00 8.360619948920063882e-01 5.903448062972806998e-01
3.766562148039266367e-01 8.901999720090677040e-03 1.657203314744140066e-01 1.705580061761933663e+00 2.146379255420743704e+00 6.602664156265295459e-01 8.854136071757329196e-01 2.321349440181785795e+00 2.437787377872437489e+00 1.434434357802836679e+00 1.024927711951834075e+00 7.118212854936355471e-01 1.170239458992570000e-05 1.451464231859290077e+00 1.874259831744619742e+00 7.285963515220774678e-01 4.366090517579168662e-01
4.704144942533586837e-01 5.341995173246855654e-03 1.044133803085419698e+00 8.191928261209726614e-01 1.579108785736213771e-01 9.571369993201471749e-01 1.699098402122285911e+00 2.651110049181385264e+00 8.179347674785985012e-01 1.695856492944803007e+00 3.819510585340806230e+00 2.797775392549356699e+00 2.455344487156699716e-05 1.429040340816785326e+00 1.397851546371967846e+00 8.888114050335048644e-01 4.541017523895016783e-01
6.707529289667935046e-01 6.359316699986258467e-03 3.205619959775033445e-01 1.430122070727224415e+00 1.692891892237432083e+00 9.783879137853742636e-01 1.730040019184144962e+00 1.127495738407038317e+00 1.697236574932319941e+00 2.853193531569087948e+00 7.984671182646677856e+00 4.135067316389516634e+00 4.822990751985127523e-06 5.704801774205575660e-01 5.827773494623160744e-01 1.175754270865589923e+00 5.096476583699620644e-01
5.576236247724839501e-01 4.405426177630335401e-03 1.369532122712555866e+00 1.937618414525906774e+00 2.872223141093685594e+00 1.372989269783549293e+00 6.661722704029821029e-01 2.814185951152168741e+00 1.638077728082478979e+00 1.421528400994184205e+00 8.961920597944200040e+00 2.126129244972729371e+00 2.495932915172631425e-05 1.727621458077437389e+00 9.281255326595516664e-01 5.147953750520336547e-01 6.266205852219951522e-01
6.798178726645227599e-01 5.052042394768566438e-03 4.970331368693808871e-01 1.988486181500802807e+00 5.749456528864859139e-01 1.385410622220401899e+00 1.724524613196486866e+00 1.623182259264532856e+00 2.389980226305079114e+00 9.163723754914319120e-01 8.643958647191261946e+00 4.575609209594781568e+00 3.072164480839819001e-05 1.168203626888396851e+00 8.116078648955014074e-01 5.901940591359171595e-01 7.592367373901828254e-01
4.543812820325729973e-01 7.927789064540764416e-03 1.496342777011011149e+00 6.168204059574238229e-01 5.892802583249228121e-01 8.703472750320999651e-01 1.633235120016365283e+00 2.666831683180677537e+00 1.019615878969636125e+00 1.393727543906820410e+00 9.486144212075604543e+00 7.551575124243636861e-01 1.619313351596779501e-05 8.587022588773352005e-01 8.752432879516389708e-01 1.088443991728958338e+00 6.314181994478201831e-01
2.148435312212079451e-01 7.633659904733182573e-03 1.335674532125673997e+00 1.153372450335747201e+00 1.861767300378493140e+00 1.424130013917488391e+00 1.271462173721959132e+00 2.699974781293077442e+00 1.311354325224248329e+00 1.723119124664729274e+00 1.836632592915528717e+00 4.487765952589614749e+00 1.698580881522983600e-05 5.926013981009065068e-01 1.656693395250645517e+00 5.581455993717409081e-01 4.535196356403112805e-01
2.937830618454510545e-01 2.094822480500791156e-03 5.732743473812295099e-01 5.175406186697664168e-01 3.610205618315207143e+00 1.523397573121887394e+00 1.540053871983568357e+00 1.795269415145655634e+00 1.557430220458459802e+00 1.271858784393754771e+00 9.664999912413859917e+00 3.664626558791922228e+00 1.107886787584846228e-05 1.249931136284010647e+00 1.579423571797980319e+00 1.049013206936618925e+00 4.154057225580555235e-01
8.643646731486764878e-01 9.062864714237582608e-03 3.828994180970000105e-01 1.515986637370343448e+00 3.077579220582987940e+00 7.858431154193461499e-01 1.343035999016156889e+00 1.382504379754913693e+00 1.718968933428814072e+00 5.137352522988312131e-01 9.798023393726339236e+00 1.723625397229279654e+00 7.236131948170829933e-06 1.679787634997391255e+00 1.954562038105059685e+00 7.410667738575109631e-01 7.986406064386023518e-01
2.392110295423166832e-01 9.859793055884273280e-03 1.083378311980028430e+00 1.954599828397656891e+00 8.470980584860621221e-01 1.642932374085787739e+00 6.816153102754313187e-01 2.440216729296854847e+00 1.503205891486431911e+00 1.526077016279959953e+00 5.343041285233656623e+00 3.292592882729395320e+00 6.391209913318086034e-06 7.516172454187746155e-01 1.442979966167610817e+00 7.535919266147323992e-01 5.344282631639530878e-01
2.500207361679899210e-01 4.217269863519984736e-03 5.911079373857418551e-01 6.987759036282562564e-01 4.934264800975737053e+00 1.446974129751349647e+00 7.325710154838487309e-01 2.332638138936812489e+00 9.792471789042516139e-01 1.954287241810858333e+00 6.582233238275026821e+00 2.432964507787543251e+00 2.256821532681618664e-05 1.899113601151914299e+00 8.381748964104717148e-01 1.094002422139839226e+00 6.332225539671687553e-01
7.492432850281280921e-01 9.312324438749977618e-03 7.550023538730870065e-01 1.978299867127946143e+00 2.515369272742955076e+00 9.677830163209064640e-01 1.425946018642426427e+00 1.404818217071510000e+00 1.907263146963906308e+00 1.027171036092042744e+00 3.945623115653125179e+00 4.012040415680101724e+00 4.456620935399028807e-06 9.724260704689402512e-01 1.063834044388316746e+00 7.874920769459174963e-01 6.697381621090008341e-01
8.493956971830673996e-01 3.249443912947544682e-03 1.160457492502030119e+00 1.651184019661513958e+00 2.303374399353610880e+00 1.111465770678369491e+00 1.363166555157182103e+00 2.247186906567628206e+00 2.300230818866265459e+00 9.339600750120087280e-01 1.932024202028896687e+00 3.686496918254606125e+00 3.126921125640201003e-06 7.319310655260267140e-01 1.077054852791733186e+00 1.017714078206393147e+00 6.190886423006127792e-01
2.442913682950322296e-01 9.042190830698236190e-03 2.637064198251659608e-01 1.125227438194156493e+00 4.862504511862694834e+00 1.187243761771608064e+00 1.673577258522299216e+00 1.241837296773704358e+00 7.477027501663228160e-01 1.136194456089723914e+00 7.419288918953039769e+00 2.013060405637567829e+00 2.557893760336858653e-05 7.451094991549438440e-01 5.050797239777572445e-01 9.130755058034092375e-01 4.855982131477820651e-01
5.305887598744106759e-01 4.333334001315420313e-03 1.475720861496529368e+00 1.346043891476178977e+00 1.906831407011281065e+00 1.016288512083409312e+00 1.816319736577181265e+00 2.475111513944199260e+00 1.151001188436934441e+00 6.041848506363959315e-01 8.846000762767559422e+00 3.932939019804755354e+00 1.457973775832205664e-05 1.033227826719846920e+00 1.814448913925520657e+00 6.993565737043891950e-01 4.496031937369429632e-01
6.044455887522628412e-01 4.261351019269994482e-03 1.094116003633623269e+00 1.999993236400922081e+00 7.140225621469280526e-01 1.055125649764808493e+00 8.050692625554205506e-01 2.397029717246316416e+00 6.109235039840652526e-01 2.747670681266103365e+00 2.626089287702465302e+00 1.883207133709882353e+00 1.489395093019531788e-05 1.864399252823230935e+00 1.981962840715661978e+00 8.809630047147398724e-01 6.382083704984407024e-01
3.375325882320954207e-01 7.669683001889372395e-03 1.003879501668297480e-01 1.439847853652451715e+00 2.909086911982013968e-01 1.804654011569336136e+00 1.450268898292094377e+00 1.482308249261260036e+00 2.210587254708718419e+00 1.410487125340249559e+00 4.715483585630198426e+00 4.762426152542352575e+00 2.099471874787963636e-05 1.188654842405949541e+00 6.278796639056174467e-01 8.213373350745045709e-01 4.380716489945754022e-01
3.533566160943478751e-01 7.277884445658995040e-03 1.286016386257323063e+00 1.963690387025239792e+00 1.185047322087739996e+00 1.703536700615316590e+00 1.382236595409235935e+00 1.634616713088928641e+00 2.122075696163380876e+00 2.086355653583893410e+00 8.375831685974194585e+00 4.422731851294396499e+00 1.594909231945466875e-05 1.215568819620528984e+00 9.100235196182613340e-01 1.110134073046973757e+00 6.851947457640747974e-01
4.890590089957819186e-01 1.015400291777248483e-03 2.940650984685803659e-01 7.553698835626139196e-01 1.574716392948448451e+00 1.237929099485211903e+00 1.765799429651087937e+00 2.742871077499017929e+00 9.533232289824469241e-01 2.562899611012328993e+00 7.048985186262473057e+00 4.248833604372263650e+00 6.145377392649923091e-06 5.072461153907736886e-01 1.025957947353403288e+00 9.385553222253908423e-01 7.560502448113709528e-01
3.714843674798240514e-01 9.793971372608298656e-03 1.726147868946692476e-01 1.255501955246673962e+00 3.579585433866606436e+00 1.465616273982058848e+00 1.571581489229325612e+00 2.000780518675229658e+00 8.507187875437192126e-01 6.990166346820976262e-01 4.430615517819548543e+00 1.316229207087892039e+00 1.929196499872156491e-05 5.774426523616369433e-01 1.645515290399149011e+00 1.032161869117493413e+00 7.114745798072372729e-01
5.132335417369935371e-01 8.375044557326018560e-03 2.165545720094499971e-01 9.565428399221531652e-01 2.536890214050448122e+00 6.405560001962079530e-01 1.206335415350902496e+00 1.948593863320529973e+00 1.236555706679827171e+00 1.740212122448336007e+00 9.873238135199096988e+00 1.090944959993514596e+00 2.960200000690532649e-05 5.116388567994836212e-01 8.015638915505720608e-01 9.467053753381565739e-01 5.822223491508815574e-01
6.090605236167988545e-01 5.728942721874130672e-03 1.426878489494232793e+00 4.152990251750761086e-01 2.651957148522465779e+00 1.493323945919973639e+00 1.030548450229276103e+00 1.333465747806380053e+00 9.423807818889643473e-01 2.127477577789996577e+00 7.941089539034623890e+00 2.670137707707082697e+00 2.837126911454287541e-05 1.095903849581063350e+00 1.710606891489773629e+00 1.079689068859135403e+00 6.039137971895979229e-01
8.128759676054038152e-01 2.101078098964581468e-03 4.591250509182233097e-01 4.421839678515434580e-01 1.393585539597713252e+00 1.166177713348240053e+00 5.317299362361103121e-01 1.420238793566706681e+00 1.204045307520423602e+00 1.893983580683543222e+00 2.887233345273876761e+00 1.109495557030453217e+00 1.224729564593844709e-05 1.639549496668858852e+00 5.967554659692603236e-01 9.654174118006111360e-01 5.249143972117483736e-01
2.272516500354450630e-01 4.922073679666992725e-03 2.599581323321222825e-01 1.019720757093593111e+00 4.100997408890845186e+00 1.295163927499023870e+00 1.489928042989719925e+00 2.294493107745349647e+00 1.666746468129540970e+00 1.047934965155522313e+00 9.629102451589938383e+00 4.315284435066009117e+00 6.985564849590389110e-06 1.538022378587259098e+00 1.968312018525910201e+00 6.587090173880241206e-01 6.082910370411347412e-01
6.861843879861432294e-01 7.190448966697451580e-03 1.071881178880428748e-01 1.857715878065749227e+00 3.411050892467906603e+00 1.688182887454005243e+00 1.961764843867402686e+00 1.528367340583539402e+00 1.735674868985717545e+00 1.821164845848431746e+00 7.762729567821681442e+00 1.989105554715571822e+00 2.157566638957703008e-05 1.836733334222821812e+00 8.564030552625705450e-01 5.501834052729719371e-01 5.135941530863898929e-01
5.058940713108804887e-01 2.657316060439420674e-03 2.826523135195921910e-01 8.698956229172152277e-01 2.125324990073707454e+00 8.511884248288206223e-01 7.304919289693140305e-01 1.227809319911561170e+00 1.567448622654683987e+00 1.976970813565596119e+00 1.609630981768315872e+00 3.081742055173655181e+00 4.738829869471742491e-07 1.713275395996908923e+00 8.502221637489837391e-01 5.117855003187600227e-01 7.843387029643786867e-01
2.339300325250884549e-01 8.311717142847199064e-03 1.364544371013740820e+00 1.720820486788824155e+00 9.450574292275520927e-01 8.578747565280973042e-01 6.090182097573844100e-01 1.764047072910019054e+00 5.060854809282389066e-01 2.578746665503564461e+00 8.446261556085833178e+00 3.548504072176660862e-01 1.637016030326908636e-05 1.506207919411697516e+00 1.521692826976839719e+00 6.107315160000571508e-01 6.377350173949325463e-01
2.856527022791784942e-01 3.756489201257583090e-03 7.487602455518308497e-01 3.008365235328563925e-01 1.798136493194552044e+00 1.808857453602121579e+00 1.296913181442685969e+00 2.121368495942846266e+00 1.414142371261951414e+00 2.607618945794774934e+00 3.104018535629425646e+00 4.962314249594589555e+00 6.953097621356624717e-06 1.734751502233164766e+00 1.421759708459842120e+00 5.455863024179888887e-01 4.232700050513629186e-01
2.774776937945757638e-01 8.088275239066749708e-03 6.031387899109266204e-01 1.802917239896620893e+00 3.997391710343735749e+00 1.098002724123562812e+00 1.530389703422875058e+00 1.740346750191434033e+00 1.705411044551406130e+00 2.981846289109465697e+00 5.001752747794858678e-01 3.053148004619933076e+00 2.787816407323112625e-05 1.979904428593727062e+00 9.268020749562916327e-01 1.054184441092487656e+00 4.045588608941053654e-01
8.997852886891042345e-01 7.038160030526533460e-03 6.219049423769947849e-01 1.392975566326215553e+00 2.034375497113487974e+00 8.998745899972915296e-01 1.231990941946279783e+00 2.551252335702746343e+00 1.422762928174287067e+00 2.884380419606513257e+00 4.255161563381165912e+00 2.712917501065191583e+00 8.718459922362803408e-06 7.365644981732468732e-01 7.213397099745836316e-01 7.595256681596216364e-01 5.504264318680406332e-01
3.453752023183455089e-01 5.544539253699282307e-03 7.994771225556827066e-01 1.740672977126076937e+00 4.332829937508006601e+00 8.062927995159647754e-01 1.882890174466491651e+00 2.892456984769823158e+00 1.273495282163124021e+00 1.570947348382371489e+00 9.440142032480583367e+00 4.544677034415303574e+00 5.464893664391157980e-06 1.336121014697414511e+00 7.998687264837158750e-01 7.474583465020010475e-01 7.205763627126031690e-01
5.359983132101837633e-01 8.035945485879051470e-03 2.714927894671823050e-01 1.969073727352538272e+00 2.007263873523276398e+00 1.943766357752256591e+00 1.291943208687855726e+00 2.351726560893218299e+00 5.288705753809198606e-01 2.652988145704682665e+00 7.158327831714899503e+00 2.839154861289794773e+00 7.974991560921188742e-06 1.688211641517481265e+00 7.129926543097432345e-01 7.759089691949547785e-01 6.456905631779857879e-01
8.382012891155359302e-01 5.037446109793209358e-03 1.272411521919982746e+00 5.399890781178879884e-01 1.045196405097377435e+00 1.532993101470644604e+00 8.810858074204481749e-01 2.684731309909799357e+00 1.879691932780729102e+00 1.063357185236165403e+00 2.732732289189582442e+00 5.098672269826614034e-01 2.875001901640137627e-05 1.208184350833364951e+00 1.564332922503258949e+00 1.123384998343705865e+00 5.958263148549159949e-01
3.215738313510255741e-01 6.480323643723004227e-03 6.964299330680363553e-01 1.540414108994071274e+00 4.747232059612843003e+00 5.872074071631665504e-01 1.106808065292790966e+00 2.087723419199130070e+00 1.298296591054959093e+00 7.994030201508953715e-01 9.571496900003900521e+00 4.620229820646399865e+00 1.534678234760762479e-05 6.108478640756982436e-01 1.837893051279993140e+00 8.497473126783813280e-01 7.258866652156474863e-01
3.935124720172910040e-01 8.892700832032047337e-03 2.994684229250556551e-01 1.897975132925165953e+00 1.543158076394202327e+00 1.622589268135272267e+00 1.093559424053475615e+00 1.298091510836302254e+00 2.459869991224643559e+00 1.784784741649872108e+00 5.025735194683460527e+00 1.600388379096149949e+00 8.965911478107181347e-06 1.260213836553105482e+00 1.023149001525657686e+00 7.675798184685325154e-01 5.896420093669715312e-01
5.716104281220956151e-01 5.953437248762852123e-03 4.894879621430053840e-01 8.115712318478234266e-01 4.904888018321067911e+00 1.483381862563212028e+00 1.824321665822298710e+00 1.435671962663192414e+00 6.591231905395800172e-01 2.714275380474400645e+00 8.142104273327534614e+00 2.926093640396201678e+00 2.901833950500372960e-05 1.375936767019353413e+00 1.588392207014324820e+00 6.898644765546306790e-01 4.704269545899084082e-01
3.796498343967263933e-01 9.249480795954416121e-03 6.343707897931193385e-01 9.290172915867760395e-01 3.357184064510674304e+00 6.811490486505475950e-01 1.056176933883809399e+00 1.788200025522807435e+00 1.826172027358146543e+00 2.355335408096399075e+00 4.374400071157355185e+00 3.044562118740086198e+00 6.616452907483884983e-06 1.829204635389945377e+00 1.554962760301576319e+00 8.073681047329556160e-01 4.605182190945421583e-01
4.148094090194022199e-01 6.340774701267748274e-03 1.431019420372029671e+00 1.595704756644933386e+00 1.073227332237030485e+00 1.786753245072363550e+00 1.796078289851179122e+00 1.072080793489941675e+00 1.960619559174787474e+00 1.769951176742801113e+00 7.497544817107248960e+00 2.413777857758894196e+00 1.681339203454277145e-05 1.816518131086263033e+00 6.149877839285177172e-01 9.713029530922336896e-01 4.566966990172179330e-01
8.287056841132180995e-01 8.709854281287319339e-03 1.181898598419387353e-01 9.104564593190620503e-01 4.395735450780330567e+00 1.747908678336151489e+00 1.202311523213548394e+00 2.967356571416298383e+00 1.355225070030812162e+00 8.748965458495068237e-01 4.156235243397555790e-01 3.603899652630562667e+00 2.033418634103536740e-05 1.530488217670282758e+00 1.264361867452405086e+00 9.545401347210208387e-01 6.345527126936023610e-01
4.689432533239176193e-01 1.329136695658825326e-03 2.474425291168501628e-01 6.843029000772732351e-01 2.791469699862497933e+00 1.330298593586150879e+00 1.252313605549967068e+00 2.674769351440983378e+00 1.129020804922836740e+00 1.177033750186380123e+00 1.758216410711792133e+00 3.109172292918904734e+00 1.808671420050837121e-05 1.414228382081038626e+00 1.290264351854729874e+00 1.084141386793805228e+00 5.179882664555146565e-01
8.945266383560885881e-01 4.696793672858482795e-03 3.929886047728580190e-01 1.728381176428191335e+00 5.398912504760015052e-01 1.305771865691038425e+00 1.973765431272345827e+00 2.886327976119313021e+00 1.723080525107555161e+00 2.273977097215718057e+00 6.094986726621608675e+00 2.728697321914749452e+00 2.734323695216526841e-05 1.952857339808197423e+00 1.014358197396288741e+00 9.176448240862036254e-01 4.300804424565197737e-01
6.238105690893565036e-01 9.410480755091165522e-03 3.299758407412687333e-01 8.248779879948437976e-01 4.584702532802992891e+00 6.469357422126901236e-01 1.919565112765613479e+00 1.806627476402144161e+00 1.857989476479864344e+00 4.330480258401260274e-01 7.370835360407172743e-02 1.393604288227545451e+00 2.345473218494237492e-05 1.601591723200333828e+00 7.369575714819870393e-01 9.684779800440979081e-01 6.898734991704962294e-01
5.631256770900119335e-01 8.299146311344398480e-03 1.341758666079168272e+00 5.898774002894634494e-01 3.173270923080274031e+00 8.372510499918102145e-01 5.173744396056202399e-01 1.922795656705073242e+00 2.396995736394951670e+00 2.420115659004042907e+00 3.599332463450274577e+00 2.074575886435119809e+00 8.469763656312862712e-06 8.356442201894695998e-01 1.861953223297556193e+00 1.044543908789560938e+00 7.263322526420656899e-01
3.127611648644471609e-01 5.612892686760968808e-03 2.003897284093487108e-01 5.000633246575227897e-01 4.973722251382932669e+00 6.015290161834253579e-01 5.859743200269471597e-01 1.710660052883223425e+00 8.963200642340432012e-01 8.825653572829621485e-01 6.518367808244059924e-01 2.389977425321632598e+00 6.447246796693274447e-07 1.490384529564758420e+00 1.139041130364055521e+00 5.786859002079102199e-01 5.920244845806366119e-01
5.906547329504824306e-01 7.335671880239150872e-03 7.916309890962144324e-01 6.113762100247321918e-01 4.634767659286585406e+00 1.961048865400640162e+00 1.224396340002651185e+00 1.029969958312614287e+00 1.077332288256005466e+00 1.537218526042499089e+00 9.921021520388157100e+00 3.388922318411068391e-01 2.288665679620838382e-05 1.484054957942400943e+00 1.788138339472458593e+00 7.563902247768452547e-01 5.549561429243359267e-01
2.218025689410510481e-01 1.686378770288564366e-03 1.438658039686399048e-01 8.526954025940449711e-01 2.213856614007491341e+00 1.022284297788594865e+00 8.600631045319011569e-01 1.828197301214015358e+00 9.811555335018975477e-01 2.066900590333355492e+00 8.037861769018077140e+00 1.137060781562803990e+00 1.362137867514155062e-05 1.107858255940125325e+00 1.102809825755958428e+00 5.099792545211686567e-01 6.553808150208755290e-01
7.200493759808839211e-01 2.255686155564373685e-03 1.400241574393618738e+00 4.581571441512100606e-01 4.274002792629655545e+00 8.861569204874304440e-01 1.947809969664844321e+00 2.110456226637904109e+00 1.751291662173672048e+00 2.951712764263450417e+00 6.220032080186120638e+00 4.393840805170078134e+00 1.239365887634090189e-05 6.200251101194113046e-01 7.061777296050775199e-01 5.618116591475798005e-01 7.316714885596473650e-01
4.438019180070437719e-01 7.734517332141667249e-03 6.465100979977146389e-01 5.489217785106310643e-01 1.589449406797860176e+00 5.406558925214585143e-01 1.475487503447983073e+00 2.365374342822411435e+00 1.280190760460707455e+00 2.741279940634395285e+00 3.958226484480033225e+00 4.852737269851073343e+00 2.552468876852686093e-05 1.192968159865918754e+00 1.481857877989483097e+00 9.861461216943865349e-01 6.714942248329105468e-01
7.829374884641717713e-01 5.248663251375852191e-03 9.551616453259180739e-01 1.315380901402683156e+00 6.107894813765823994e-01 5.039970538330572625e-01 1.109162789785883341e+00 2.842297629910033763e+00 6.797247400889478985e-01 1.601639611236613137e+00 2.685462255306370061e+00 1.035236555385326662e+00 2.166589634667900918e-05 1.658734629683099593e+00 1.852200782799527490e+00 6.319012894647778600e-01 6.151224463515285734e-01
2.833394693890319838e-01 9.491339626156161322e-03 1.211691203627864422e+00 3.616624235688681299e-01 3.277896838188750550e+00 5.156964700027276693e-01 1.624804609218908125e+00 2.625910501122535656e+00 5.806990051537077591e-01 2.837193073609470151e+00 7.850803789104821462e+00 2.575456190371983478e+00 2.648430594404884862e-05 1.993145848564530587e+00 1.445836005414763203e+00 1.197608282761316367e+00 6.104759034693079123e-01
8.922917138209609522e-01 8.572939108673160655e-03 6.639483125457225077e-01 1.239152086490740157e+00 1.628702551555750278e+00 1.753839298883587139e+00 7.637281248533254185e-01 1.311010993403515679e+00 2.290488199823881743e+00 1.548650729006068039e+00 2.324017477396448150e+00 4.291980073060043033e+00 2.700891213322397218e-05 1.010035204820518784e+00 1.211430979206618019e+00 1.183781270555257947e+00 6.221308956925618583e-01
3.969370781220697419e-01 1.402707031994111786e-03 2.340063900953051612e-01 1.801457577636269347e+00 1.160681692555155964e+00 6.696678120482895125e-01 1.706202219618799587e+00 2.380556146049621624e+00 6.806858407121028076e-01 2.946393813401968487e+00 2.143157425774720792e+00 3.472313650755719738e+00 4.099317463921758305e-07 1.144564789692012585e+00 1.221129128587568280e+00 6.208987959635713372e-01 5.300303216154644836e-01
6.877064967786947758e-01 4.887839245057075920e-03 1.469576753159570481e+00 8.905883617465577551e-01 3.628596797797758011e+00 1.947521099967645775e+00 9.944686923253629462e-01 1.105509726347787547e+00 1.537853122507674586e+00 1.114914796719786327e+00 6.266478440268256733e+00 2.767976369897556133e+00 1.246764644987013503e-05 9.748787834255198126e-01 1.049042882995528281e+00 8.438817553820725514e-01 4.264216260942166326e-01
8.161939313465611523e-01 1.090795010773074579e-03 1.390883276771764043e+00 1.407796689829504455e+00 3.684238229345634608e+00 7.931889617106300250e-01 8.932497459046873090e-01 1.811642839088619450e+00 1.849219544573485807e+00 1.755814162318124261e+00 4.874906811351899627e+00 3.943318483051586387e+00 2.379430100261808017e-05 7.859880042388326382e-01 1.628531411792562666e+00 6.761932368029516249e-01 4.839067955662096909e-01
4.389673720011784686e-01 6.476238419453471569e-04 1.247440219705323594e+00 1.416721396866520655e+00 2.679883412317863201e+00 7.118081650761824974e-01 1.032728234161869540e+00 2.739595884790862357e+00 2.017645279847406492e+00 5.304487684263125002e-01 1.669127908959091133e+00 3.795700013377349080e+00 2.278978071558936333e-05 1.739930068713339439e+00 7.742103690008391714e-01 9.766760222560988414e-01 5.406640380149031477e-01
7.083365980005058571e-01 5.579703082570354293e-05 1.311567427881265901e+00 1.890032243263530587e+00 4.678098116600081013e+00 7.729593586674898820e-01 1.926613468981733579e+00 2.837148812377684237e+00 1.576346935725556619e+00 2.641324621041969412e+00 5.377381542305507800e+00 1.707994251908742545e+00 3.818889333834419920e-06 9.455019647987551457e-01 1.919437578705093239e+00 8.699317622910633929e-01 7.393878301666308994e-01
3.672297747787825473e-01 1.259884651898561352e-03 1.231553206123953359e+00 1.283904150086102813e+00 4.302429980572572532e+00 1.574136709815735724e+00 1.659762878412758269e+00 2.594738041552384189e+00 9.048795013078341221e-01 7.382180580240391699e-01 8.717919371515652216e+00 1.157043422822091161e+00 2.203637481358930840e-05 1.316872705315753400e+00 1.623348072310133450e+00 7.769789473925581280e-01 6.875302006910581909e-01
3.167695599571445642e-01 5.793122662549503483e-03 1.093370980292672989e+00 1.179215301825166762e+00 1.439499532289866046e+00 6.794777871032939842e-01 1.336547033597965672e+00 2.711809712006413964e+00 1.999767937708094134e+00 1.620019288878330244e+00 5.520892073412301038e+00 1.069144563434824224e+00 2.849697254047229116e-05 8.738884435581550925e-01 1.843691737351811355e+00 7.014436638855916506e-01 7.944577532068486381e-01
3.045477622609236157e-01 3.547402096479121848e-03 3.718232032627774020e-01 1.913763394046727573e+00 4.638031800581491559e+00 9.593579757061108104e-01 1.771733728974641542e+00 1.017261082495092950e+00 6.284770145749699610e-01 1.711807412757533786e+00 3.651911599109891160e+00 3.348835542199888771e+00 1.661295515172773308e-05 1.669130080686636708e+00 1.610796055850544972e+00 8.854665770555716353e-01 5.531692278309146005e-01
4.555712308665229582e-01 8.454264433073932147e-03 8.842749717829385681e-01 1.195802317514624846e+00 3.744630076945554831e-01 5.143688934596487572e-01 5.960495385935018486e-01 1.616427803802474639e+00 2.041014142038651613e+00 6.385770762952536206e-01 9.714207808628138707e+00 4.698460244536363462e+00 1.514564981999890497e-05 8.119857900872549106e-01 1.602929534514031751e+00 5.658898885186565142e-01 4.730794062822049062e-01
2.582382455745276806e-01 3.042910282225867475e-03 5.473419894068126679e-01 1.463245331990071563e+00 6.739057347943285814e-01 1.629330536937782181e+00 1.803661658595478556e+00 2.999845775790229929e+00 2.137716481667938151e+00 1.159984214338319219e+00 9.052074222648199608e+00 1.793065773308571753e+00 2.421467845453646026e-05 9.643026504433482859e-01 1.080021877067355973e+00 8.713437171297063744e-01 6.996042544078111547e-01
5.656738709878578186e-01 8.005690204339211552e-04 6.739890509463607460e-01 5.718075270437090740e-01 2.797486706760617725e+00 1.049438552500951305e+00 1.937481722162377684e+00 1.961872488563437322e+00 6.969555156057156697e-01 2.163079042182970202e+00 2.367232694949685357e+00 3.881619358294690070e+00 2.125062205857568897e-05 1.045366918082933028e+00 1.496834528540174958e+00 1.003457505784556503e+00 5.806135391330332629e-01
8.800534428669948284e-01 9.135995143133564950e-03 1.409436918619288992e+00 1.328633068444046383e+00 2.463971349736663097e+00 1.659254650241515971e+00 9.793661488848126595e-01 1.727046551546376207e+00 6.468864180531461727e-01 1.356066091045493138e+00 4.034781672233088479e+00 3.855409873018225131e+00 2.914681574018873091e-05 1.865774568097941621e+00 1.600287364027259684e+00 9.022013326095787988e-01 6.613094970927564376e-01
6.945601270776204927e-01 1.392821799969810263e-03 1.803149447466623756e-01 7.261756750275956129e-01 2.997491161804932136e-01 1.416824372349299921e+00 6.231815667522625501e-01 1.374894581686902262e+00 5.343839716129398232e-01 1.318447444628540355e+00 7.485406659772387838e-01 1.680745259063662012e+00 1.144933821091942305e-05 1.706600334885705283e+00 7.635452378057452361e-01 1.086785790404203977e+00 7.625654639245917910e-01
7.751551104420111304e-01 7.810062420235082403e-03 1.216537017783019536e-01 1.068680236045586929e+00 4.793485795320799880e+00 8.255720792930845153e-01 1.022991658700380668e+00 2.228842980514575522e+00 1.684363287804899301e+00 2.335382481231035978e+00 2.231637854842941859e+00 2.137894428476192488e+00 1.732198560472431248e-05 1.696440243053848773e+00 1.039506305932426322e+00 1.168303967135805088e+00 6.495735739344934423e-01
2.626636502792455419e-01 7.897633588053518464e-03 1.420677291295959321e+00 9.881909971182154528e-01 4.475355371545067129e+00 1.927935357939710936e+00 1.082359723730639267e+00 2.027631723479563775e+00 1.921708855807467087e+00 5.576074029093902595e-01 5.760920535719629143e+00 1.816168419228822106e+00 1.602057386069760026e-06 1.454679683302811055e+00 1.322804600340957926e+00 8.508044880127378917e-01 6.818563427731292315e-01
3.414132708696890339e-01 9.660084265533772259e-04 4.520568180093442745e-01 1.055841882076060667e+00 4.393512808565460226e+00 1.740538595907944686e+00 1.917179693592014900e+00 2.314471227563805300e+00 1.106984392456439092e+00 2.005678832091202679e+00 7.645660749758824259e+00 2.048136759232741966e+00 1.826093326063137401e-05 1.820794232063730256e+00 1.583854291030170724e+00 1.103668968674570205e+00 4.675141605509263165e-01
4.831945576499024897e-01 4.533994288022099401e-04 1.330635913149664562e+00 6.549784603776630520e-01 3.318429853878710034e+00 9.402472668291252944e-01 1.321419865234467750e+00 1.589353093530392336e+00 1.776681987812040342e+00 1.493662634417925128e+00 4.456255028954181796e+00 1.550652402018288356e+00 7.474105864595118818e-06 9.540109314055338352e-01 6.669213721144406914e-01 1.189722086776488830e+00 4.634004306296597431e-01
8.115005788863201008e-01 2.961785117447165040e-03 3.060511558109058616e-01 1.481368003080485884e+00 4.553441990917787230e+00 1.795199759856086041e+00 6.381833577174671479e-01 2.308852387260445838e+00 1.463199541562736350e+00 1.670156376037410073e+00 2.442640846062288151e+00 1.958602854972847140e+00 1.064351002355864647e-06 6.682611043920912985e-01 1.145471557551240860e+00 7.816225207195970359e-01 6.771509736778558164e-01
6.355538582497846090e-01 1.966505830216374283e-03 1.249477022887663047e+00 7.331317209676391222e-01 4.176960032964540659e+00 1.156920571779097351e+00 1.150888197788098255e+00 1.900474373514838167e+00 1.744988092387162792e+00 2.764207897272328296e+00 2.461277864196493581e-01 4.046323939680298132e+00 1.203013764990521555e-05 1.718057568471107022e+00 1.406036119315236643e+00 5.320572450703056067e-01 7.966426237567351132e-01
4.261874563568456287e-01 9.381481013500909266e-03 8.300786913408042533e-01 1.373132205096352587e+00 3.385671951899157595e+00 1.343430229211768134e+00 9.179288496113029439e-01 2.266825009062801044e+00 1.978357160663205994e+00 6.739140496950919434e-01 5.284020644709736203e+00 3.632090555857458547e+00 1.505238151650147691e-05 1.067423895323735383e+00 7.560483793557341015e-01 5.708468008203607669e-01 7.009651571796651215e-01
2.712930873379610919e-01 9.815130942769562106e-03 1.175620707695629985e+00 2.004007383166864775e-01 2.370391815287226756e+00 9.455019765568735135e-01 1.608029300498744485e+00 1.476166768364346460e+00 6.651033456686940015e-01 1.886663259448823071e+00 4.068397079118562409e+00 9.503576457679847600e-01 2.918229027116367309e-06 1.381736138136708592e+00 1.765828996614557056e+00 7.857090339901282583e-01 5.780774194670438293e-01
5.000121037817359948e-01 7.566574875795613504e-04 1.107282489472807940e+00 1.077493334758909516e+00 3.851291307163280830e+00 1.600086486514706863e+00 1.892254399218408878e+00 1.049657963145179007e+00 1.059961543504708725e+00 1.228366741519261840e+00 8.794783628582489854e+00 4.070552009551156480e+00 2.753596700099328676e-05 5.432604216284387944e-01 1.040470821009866986e+00 1.007526732248726464e+00 7.025036527341972370e-01
2.011157937326170653e-01 3.181517181519341250e-03 9.328897944501527428e-01 4.266353886288423158e-01 3.879870555945688526e+00 1.215315862701634497e+00 9.027158742902838817e-01 2.954364640478191362e+00 2.065156066301347071e+00 9.299257156262195068e-01 9.967341308375939235e+00 3.726162607194232645e+00 1.848239111621413991e-05 8.176668728539003839e-01 1.327682052669459045e+00 5.812410637882265974e-01 4.324140244928988963e-01
8.723541927727007650e-01 1.526556244126526379e-03 6.541511181116852480e-01 6.020385788889485168e-01 4.903575216584410423e-01 1.988850945927344016e+00 1.375938377818581415e+00 1.640436963873627807e+00 1.430661700339421527e+00 1.263774006484137402e+00 1.065654470137241905e+00 4.442195705595640476e+00 5.131838742455418986e-06 1.292741532141194805e+00 6.775654667262871467e-01 9.964129229261349252e-01 4.989146834537998565e-01
5.041139729882641030e-01 3.971352929012882289e-03 1.447138620088230576e+00 1.844300145569538474e+00 3.797181811386835193e+00 1.566125108375271635e+00 7.623516362599485063e-01 1.172732635275784085e+00 2.180615045351742332e+00 5.825130259720716630e-01 4.986061403200227282e+00 4.360394116418143007e+00 3.471197263512621195e-06 1.565747387440434624e+00 1.530258079180630393e+00 5.264342428287287490e-01 6.644463110532812244e-01
4.337200999694967307e-01 6.151910311592764628e-03 8.811041691844497814e-01 8.582372722895532657e-01 3.897677714462412180e+00 5.552039595669574501e-01 1.355403956910214314e+00 1.950055819798583556e+00 1.332174626527351080e+00 9.722241585838067301e-01 5.697116559684819670e+00 1.416505972087235055e+00 2.386240349089399602e-05 1.273902901384054598e+00 6.938757918508460243e-01 6.330830202932100637e-01 7.529511033560537525e-01
7.775693259126941204e-01 5.383641709730057484e-03 1.191816566715550252e+00 1.577842677260586912e+00 4.476679707429035426e-01 9.840270143001010883e-01 5.817278615830687727e-01 2.605764455825982928e+00 2.230709964001201584e+00 2.920993540161318069e+00 4.823733488839493155e+00 3.179058708650356557e+00 4.962639632856994388e-06 1.676259946946726087e+00 6.082034894324381824e-01 1.120930088728901985e+00 4.014647987796408635e-01
3.500317409296154203e-01 9.704296359993298468e-03 1.196088614867001354e+00 8.452202200516494290e-01 1.245707716317029368e+00 1.088635944204564110e+00 5.024623675860155902e-01 2.569612867449133198e+00 1.140440692454658844e+00 8.322714213493749291e-01 2.167684277545067761e+00 3.511721358705075957e+00 1.676473778484541133e-05 1.331416223057777737e+00 7.478118759631183776e-01 1.099939824679413869e+00 7.374297634882176489e-01
8.356389453016408453e-01 5.283544597764391199e-03 1.028322725591349185e+00 3.907292909092658917e-01 4.114248990613670998e+00 1.368334467317813719e+00 1.549554119716101130e+00 1.651059559337251681e+00 1.477917871276575035e+00 1.578175875937168016e+00 9.270804563883130456e-01 9.093646442816594178e-01 1.057778355828184560e-05 9.349615040734851057e-01 1.474273486299172209e+00 1.156457539822230762e+00 6.921648051446949168e-01
6.686473726063517642e-01 7.144356783085341507e-03 1.069629256525983507e+00 1.751820836914245616e+00 3.184831341833321616e+00 1.204871950912130840e+00 1.390220438013762605e+00 1.663094887429902080e+00 1.521545066797983292e+00 4.477789866078067949e-01 8.559857869553392007e+00 6.455221081868759425e-01 1.402115664948692735e-06 1.563370272367422542e+00 1.001544927051316147e+00 1.187521510918279732e+00 7.889292707917469061e-01
3.564381835136531396e-01 6.252992049715029588e-03 2.296940731453173956e-01 6.709362611752476280e-01 3.655987039141837425e+00 1.078121498218870933e+00 1.594483620035567872e+00 2.371679770961918621e+00 1.604603985366009011e+00 1.297414962747478695e+00 8.474749002406806175e-01 4.812163615777063974e+00 1.875100189153812077e-06 7.599003614554955544e-01 1.366602918189843141e+00 8.752865969738030660e-01 4.748685293065159629e-01
4.208306292498208423e-01 5.408564180027774192e-03 1.117063450482764786e+00 6.342260124257517173e-01 2.619447315114886710e+00 9.326202670422556462e-01 1.786120349613341762e+00 2.145455028868600955e+00 8.353960604510879406e-01 1.932295476564428238e+00 4.696657989549481549e+00 3.811600742167331024e+00 6.230391159952600678e-06 8.995128268175971442e-01 1.825143495748194677e+00 8.646032758376803740e-01 7.092402307182881227e-01
4.791479690745899522e-01 4.461469175774930226e-03 5.359824828073468383e-01 7.431965037340659830e-01 7.073096233029019242e-01 5.628001606377315280e-01 1.632447221970195095e+00 2.926504798211261971e+00 1.670779299205678914e+00 2.219603741802070651e+00 2.512459480878838303e+00 1.471299995269309546e+00 1.393434561647375826e-05 8.234646517653900766e-01 1.283508226076394809e+00 5.396020567730961393e-01 4.509647223315825237e-01
8.535010882711879798e-01 6.505831974604804092e-03 1.139919592204130305e+00 3.102798824694077973e-01 4.719805778637825355e+00 5.265773765187713451e-01 1.501201501128452964e+00 2.235067541235988386e+00 1.398064773580838693e+00 7.192201951869361398e-01 2.304163497643257674e+00 1.379157828135573638e+00 1.782205466923659557e-05 1.956155936221306568e+00 1.429044984141571550e+00 1.019462803973102183e+00 6.968968627509234404e-01
7.275494527336496819e-01 3.305904421338144630e-03 6.941170249847432583e-01 1.618282968182659598e+00 1.268072051535051203e+00 1.029474868063847914e+00 1.903084470411389173e+00 2.488863111717320997e+00 2.316338517212780168e+00 2.900213023201272833e+00 9.006914509856421835e-01 2.824761159942204447e+00 2.398212772126230279e-05 1.552379818451143922e+00 1.377285427119666394e+00 1.004551502298828503e+00 7.929808680223291439e-01
8.710630393825513629e-01 2.525031352915368434e-03 4.035771124244101893e-01 1.786402058164525464e+00 4.852155878732719030e-01 7.386421895765472589e-01 7.031739731266428706e-01 1.508248314021010561e+00 1.866610145671226517e+00 2.514039410780619654e+00 8.679084280227645110e+00 3.543564954340601147e+00 2.672788319860989567e-05 9.358711477122914069e-01 1.303412919954386018e+00 8.350516793822945205e-01 7.456796984076520252e-01
7.141287305342705061e-01 1.600087187963833120e-04 5.898330872500914257e-01 1.212999292369462134e+00 2.066132712825081708e+00 1.881673351253815740e+00 1.742659519999806284e+00 1.230600973319837532e+00 2.258285022791592045e+00 2.995157051808230886e+00 6.392349390033498224e+00 3.832794272956126513e-01 8.104833220250012477e-06 1.525425750074989040e+00 1.174721473719262610e+00 1.135385530354148464e+00 4.915205762035820269e-01
8.222363432981083520e-01 2.768885184977224519e-03 8.997567514605271377e-01 1.400000986181267892e+00 1.237836981329911268e+00 8.962945262476240682e-01 1.441274937335725648e+00 1.095401653803051767e+00 8.648135346035183968e-01 2.401525465445998542e+00 3.409832586279887501e+00 2.036460861739258554e+00 9.045381485992262996e-06 8.416170705564851584e-01 1.266800553921660466e+00 5.449938295560757817e-01 4.693004657329868934e-01
7.001297437412759006e-01 3.678346563132694428e-03 8.482489034526953242e-01 3.843059137621601673e-01 1.941281299670947202e+00 1.546948373619971395e+00 6.503085121311877881e-01 1.306545387560606564e+00 7.010884571598057224e-01 9.888231841314989445e-01 7.215397216482864806e+00 1.222098994909206482e+00 1.149787852599988807e-05 1.807477826547514876e+00 1.750856976564058698e+00 1.072281287683673590e+00 7.517237427708001185e-01
5.497899162336052914e-01 1.223088243056855400e-04 1.182621980113576221e+00 1.826284667461095745e+00 3.781086374899080393e+00 1.034835218615642649e+00 9.545369509639403116e-01 1.496877199140284720e+00 5.576581007920646815e-01 6.827394152387109560e-01 5.835859691239103419e+00 4.863373610065205854e-01 4.775467046933944831e-06 1.418321805100919653e+00 1.866730545426153576e+00 8.555993420073488842e-01 6.919692698835221423e-01
6.561158676543055179e-01 6.401281313531938244e-03 6.315262696277404997e-01 1.675161450348938486e+00 3.130875539241225525e+00 1.121188279524661713e+00 8.525573637727277276e-01 1.550395953431318308e+00 2.222126715006607967e+00 7.628399054377981159e-01 8.512464771862765289e+00 4.171618577492242963e+00 2.571991692451656135e-05 1.351690150913892108e+00 6.207413544782486303e-01 5.041385007838639076e-01 7.464836029280726981e-01
3.116680662696845738e-01 1.603685793752979236e-03 4.313341186349722856e-01 7.181702612808298358e-01 4.216416653323761921e+00 1.292763619584750057e+00 9.490182680226739720e-01 1.087931855240722667e+00 9.655427950491854983e-01 2.143635742167196323e+00 8.864412895731307529e+00 4.245627022545598983e+00 2.681719382906908489e-05 7.990579893173235249e-01 1.637012971881022683e+00 5.950799251706694326e-01 6.839842458043956519e-01
7.029045215965032956e-01 7.464713312602396650e-03 1.020609997674745584e+00 1.265204967754459231e+00 2.207975861324945388e+00 1.679928642439862285e+00 8.180824268210136196e-01 2.015600811130783487e+00 8.729905619416632456e-01 3.424826581902862821e-01 6.498714818442833163e+00 3.431875979720603986e+00 2.319936540502266569e-05 1.513291851272246191e+00 1.677856410604653403e+00 5.756710776743098057e-01 5.981198985207030194e-01
7.429655464363342787e-01 3.801084243785559594e-03 9.506422332115151974e-01 7.051759167796671779e-01 1.461962901663057091e+00 7.680385561414424522e-01 1.008283346104442035e+00 2.769871536397372935e+00 8.842418916196240763e-01 2.874932087624334720e+00 3.285551925661347461e+00 4.381231264369799483e+00 9.884848673661889815e-06 1.157875303073232054e+00 5.810634427836329774e-01 1.063970228687365349e+00 7.785346875595783311e-01
3.353683150966347282e-01 5.551498159856317616e-03 1.622242098275778754e-01 1.368122538699011681e+00 2.570616000223861164e+00 1.231484700058865345e+00 1.432152513256773840e+00 2.910135099719707519e+00 1.374480041176615597e+00 8.380531362103174065e-01 3.890765058710404123e+00 5.230564588771082768e-01 2.069713708506475330e-06 1.309275437892534200e+00 5.637656334522404000e-01 9.481152139314530380e-01 5.445376297191341086e-01
5.760873925718682509e-01 6.755892427331144749e-03 1.480798039407163813e+00 1.229601505767000891e+00 1.655185912824100214e+00 5.757518390538191033e-01 5.679704845209921915e-01 2.726463343847914000e+00 9.280687870847892373e-01 2.234119445716386654e+00 6.688330475957112498e+00 4.803968249488844044e+00 3.236328274973215559e-06 9.060927776770196784e-01 1.958442781901281515e+00 9.063783829245897206e-01 6.737680035898858666e-01
4.002513426297249488e-01 4.762645268072796846e-03 1.050119641257045267e+00 8.753210765632968293e-01 3.056027957296016506e+00 7.076281110120588025e-01 1.248721193939783536e+00 1.575998645139226717e+00 2.070169657335749314e+00 1.833676341013619204e+00 6.910909792440616428e+00 4.692636873651393259e+00 2.814548779612708492e-05 8.619236226507587251e-01 7.782513447303089915e-01 1.063021907519359432e+00 6.421996988674039120e-01
7.071829893674164147e-01 6.043446272321810996e-03 6.853451144856779198e-01 1.014999314796013019e+00 1.974857872360730182e+00 1.594159792909089157e+00 1.977891287980460877e+00 2.947936445498809288e+00 1.110976658855435506e+00 2.199611772539431076e+00 3.039279813273408237e+00 5.720918550867557517e-01 3.121889269459895836e-05 9.156220235092833448e-01 8.364210476355988799e-01 5.532497895441028657e-01 6.538574538450515616e-01
7.884974891352876103e-01 1.815401161090302896e-03 9.120552346745584016e-01 1.187458663262225489e+00 4.021331586921588208e-01 8.097272666406867270e-01 9.848057964916760998e-01 2.795753585609910274e+00 1.066551851187357292e+00 3.818012142595677005e-01 5.235271571189077378e+00 3.123095237208695529e+00 7.848995337086089112e-06 1.963672424676592865e+00 1.219213416234898650e+00 8.134576038047933721e-01 7.426412240670547948e-01
2.471225043113956243e-01 6.991398957457255203e-03 4.676814476611561577e-01 4.967358512295991790e-01 3.471983625148340469e+00 5.306410173520260676e-01 7.444469674941749382e-01 1.136173316625530560e+00 1.954979022231812413e+00 6.334537725689666221e-01 2.069879075994895956e+00 3.309520078680745936e+00 3.007042044151789632e-05 1.750568554153958623e+00 1.701217791122064504e+00 5.355239957684609919e-01 6.214164889136364334e-01
5.940473885332515636e-01 2.387666933170399988e-03 7.582922699448990667e-01 1.733412188277288601e+00 3.101959401868449984e+00 8.805393791130795567e-01 8.099424698226861397e-01 2.253624512766115195e+00 1.327743152859474307e+00 1.590035586540645474e+00 5.169894428753486260e+00 2.518529060921728568e+00 2.986861610678693551e-05 1.123801612750512158e+00 5.587475115092978006e-01 7.700442030143062055e-01 5.065785583046255036e-01
